tree
version=v3
num_class=1
num_tree_per_iteration=1
label_index=0
max_feature_idx=11
objective=binary sigmoid:1
feature_names=adp_dist post_skeletal_distance_to_soma pre_skeletal_distance_to_soma fw_similarity me_similarity post_nucleus_x pre_oracle pre_test_score post_oracle post_test_score nuclues_dist compartment
feature_infos=[6.03165:4997.25] [0:1294350] [0:2329630] [-0.17523579361429603:0.62789165298547855] [-0.45127373625387102:0.99106548183094345] [477312:1451840] [0.61800699999999997:0.95232499999999998] [0.38578000000000001:0.87998600000000005] [0.60007900000000003:0.97772899999999996] [0.35020000000000001:0.87998600000000005] [-0.67001864676510847:6.877537726784654] -1:4:3:5:0:2:1
tree_sizes=7972 8767 9160 8849 9081 8905 8907

Tree=0
num_leaves=76
num_cat=0
split_feature=0 10 7 0 0 0 5 6 7 9 3 7 8 3 0 2 9 2 2 3 9 9 5 2 2 2 10 5 10 2 9 2 5 3 6 10 9 5 5 3 10 5 0 8 6 7 8 0 5 2 5 4 2 7 9 3 10 10 7 10 0 3 5 8 3 2 7 2 4 2 2 5 8 0 0
split_gain=499.994 38.3936 26.347 22.7201 18.6466 18.4612 9.08964 8.30677 11.7546 10.5828 12.6148 10.482 8.501 7.7381 9.72385 6.69394 6.01055 5.82066 7.65826 7.01104 5.80308 7.1726 5.68803 5.23884 5.17517 5.63168 7.25341 5.12033 5.06991 5.53908 4.89855 7.26285 5.74071 7.13162 4.60804 4.54899 4.44957 4.40141 4.23457 5.05556 4.18739 4.16667 4.12208 4.11396 3.95819 3.87544 5.23206 3.68182 4.2349 3.64849 3.47157 4.70747 3.43213 3.12215 3.10303 3.03576 2.71147 2.09384 1.69175 1.61383 1.56138 2.84732 3.92132 1.50955 1.42091 1.34321 0.999372 0.952381 1.00087 0.642222 0.435015 0.377994 0.177778 0.134426 2.84217e-14
threshold=2419.6750000000006 -0.048387783563484298 0.74048150000000013 3226.8700000000003 1934.0550000000001 950.87400000000014 764800.00000000012 0.83916850000000009 0.6933760000000001 0.39587600000000006 0.2681241554076898 0.61312100000000014 0.84950800000000004 0.25123972319191418 1548.3800000000003 791012.00000000012 0.40690100000000001 642592.50000000012 402736.50000000006 0.098221095499442149 0.62502500000000005 0.54550550000000009 663904.00000000012 527528.00000000012 673043.00000000012 725344.00000000012 2.3444333694264867 1245792.0000000002 -0.46617223774202482 1712890.0000000002 0.47469100000000003 999509.00000000012 1315904.0000000002 0.065805493037485827 0.78268700000000002 -0.50850592901618696 0.49848400000000009 1302240.0000000002 1214880.0000000002 0.10367139912598891 -0.51821920462627058 1143456.0000000002 1658.1550000000002 0.77931800000000007 0.88977750000000011 0.63788000000000011 0.7825605000000001 1003.4300000000002 1313472.0000000002 1150460.0000000002 1041856.0000000001 0.72083184577639237 759489.50000000012 0.5152405000000001 0.58585900000000002 0.14011144955245305 -0.54239292051065646 0.17308546770860705 0.63788000000000011 -0.50850592901618696 4102.1750000000002 0.20482996959289837 1220736.0000000002 0.75112350000000017 0.15000787945308622 959065.00000000012 0.50722900000000004 853461.00000000012 0.63626173830340993 443120.50000000006 437837.00000000006 1252128.0000000002 0.85911250000000006 359.46300000000002 4876.6950000000006
decision_type=2 2 2 2 2 2 2 2 2 2 2 2 2 2 2 2 2 2 2 2 2 2 2 2 2 2 2 2 2 2 2 2 2 2 2 2 2 2 2 2 2 2 2 2 2 2 2 2 2 2 2 2 2 2 2 2 2 2 2 2 2 2 2 2 2 2 2 2 2 2 2 2 2 2 2
left_child=1 2 4 22 7 24 52 9 11 -1 17 12 28 14 50 -10 42 18 -11 -20 21 35 -2 -21 66 -26 38 58 29 36 31 -18 33 -32 -35 -6 -9 45 65 -40 -12 -19 -8 -39 -36 57 -47 54 -49 53 56 -52 63 -30 -43 -38 -4 67 -13 -60 61 70 -63 -7 -58 -27 -3 68 -24 -62 -5 -72 74 -68 -71
right_child=3 5 13 60 20 6 16 8 15 10 40 27 -14 -15 -16 -17 30 41 19 23 -22 -23 37 -25 25 26 -28 -29 49 -31 32 -33 -34 34 44 -37 55 43 39 -41 -42 47 -44 -45 -46 46 -48 48 -50 -51 51 -53 -54 -55 -56 -57 64 -59 59 -61 69 62 -64 -65 -66 -67 73 -69 -70 72 71 -73 -74 -75 -76
leaf_value=0.0021144168686471764 0.0009144165825448132 0.0023429883517142921 0.0017477501145603432 -0.00068558379892500333 -0.00031139016132319139 0.0027662688759126568 0.0027144170116983582 0.00042792998007088232 -0.00025225036227692892 3.4416372736414003e-05 0.0011144166302285404 0.0027544170212351012 0.00036896190704373906 0.0027967699725093042 0.00079676949567203251 0.0013144166779122674 -0.0001764927684573353 0.00097502265760048804 0.00064414624783707384 0.0010962348077118379 -0.00056384463946534448 0.0015810834081572372 -0.00028558370355754854 0.0024344169449411397 0.0011144166302285404 0.0023810835988921451 0.0012847870412183821 0.0013660295934435521 0.0026181206924432284 0.0021144168686471764 0.00024774975693238961 0.0014144167017541311 0.002274416906794158 0.0021144168686471755 0.00075225438172016952 0.00078108321742232842 0.00081917846460018119 0.00084034249081009938 0.0027477503529789791 0.0015810834081572372 0.0023218243255043749 -0.00075225048148624604 0.0014598712580458873 -0.00028558370355754985 0.0018235077083799368 -0.00047952314373570957 0.00074774987614170717 -4.2105384638230084e-05 0.0012001309363787092 0.0012221089635967011 0.0011079650157871299 0.002274416906794158 0.0016202991037814972 0.0016730374530692957 0.00031441643949363168 0.0018709385497278561 0.0022187647196125976 -0.00012558366541056819 0.0018555932775270582 0.0025507806090480367 -0.00068558379892500441 -4.5025554615006668e-06 -0.00096058386449012921 0.0021144168686471759 0.0029144170593820846 0.0029144170593820851 0.0027144170116983582 -0.0010855838942924584 -0.00090376566912543372 -0.0010855838942924584 -0.001085583894292458 -0.0008189171640474892 -0.00088558384660873148 0.0029144170593820851 -0.0010855838942924584
leaf_weight=7.4999982118606559 4.9999988079071036 5.2499987483024624 5.9999985694885245 4.9999988079071072 7.7499981522560155 6.7499983906745928 4.9999988079071027 9.2499977946281451 5.9999985694885236 6.2499985098838833 4.9999988079071045 6.2499985098838868 8.2499980330467206 8.4999979734420759 8.4999979734420759 4.9999988079071045 5.4999986886978132 8.2499980330467242 9.2499977946281451 5.4999986886978132 5.7499986290931693 5.2499987483024588 4.9999988079071098 6.2499985098838806 4.9999988079071036 7.4999982118606594 6.7499983906745902 7.7499981522560111 6.7499983906745964 4.9999988079071036 5.9999985694885281 5.9999985694885254 6.2499985098838797 7.4999982118606594 9.2499977946281415 7.4999982118606585 5.2499987483024579 6.7499983906745893 5.9999985694885245 9.749997675418852 6.7499983906745893 5.9999985694885272 5.4999986886978149 6.2499985098838806 5.4999986886978141 8.2499980330467206 5.9999985694885245 5.7499986290931684 5.2499987483024597 6.499998450279235 7.7499981522560102 6.2499985098838806 8.4999979734420759 7.2499982714653015 4.9999988079071045 5.7499986290931702 5.7499986290931755 6.2499985098838797 8.4999979734420794 5.4999986886978105 4.9999988079071036 9.2499977946281451 7.9999980926513663 7.4999982118606567 5.9999985694885254 12.749996960163115 4.9999988079071036 6.9999983310699454 5.4999986886978149 34.999991655349731 18.249995648860935 7.4999982118606559 4.9999988079071036 10.249997556209562 4.9999988079071036
leaf_count=30 20 21 24 20 31 27 20 37 24 25 20 25 33 34 34 20 22 33 37 22 23 21 20 25 20 30 27 31 27 20 24 24 25 30 37 30 21 27 24 39 27 24 22 25 22 33 24 23 21 26 31 25 34 29 20 23 23 25 34 22 20 37 32 30 24 51 20 28 22 140 73 30 20 41 20
internal_value=0.000915332 0.0015148 0.00127192 -0.000611558 0.00110829 0.00191781 0.0015895 0.00122959 0.00143055 0.000986078 0.000863875 0.00156076 0.00130331 0.0019298 0.00174671 0.000459871 0.00137459 0.000670938 0.00100616 0.00129537 0.00032394 0.000572953 -0.000103441 0.00180803 0.00229903 0.00211861 0.00223605 0.00205727 0.00147179 0.00117184 0.00121876 0.000653547 0.00140717 0.0012153 0.00147621 0.000225892 0.000939108 -0.000203231 0.00241442 0.00202553 0.00180803 0.000368962 0.00205727 0.000299032 0.0011517 -0.000375057 3.72234e-05 0.000141689 0.00055078 0.00184125 0.00200103 0.0016287 0.00212321 0.0021287 -0.000267402 0.00136896 0.0022947 -0.000622426 0.00232182 0.0021287 -0.00090191 -0.000773084 -0.000447903 0.00242319 0.00257399 0.00271689 0.0027193 -0.00079987 -0.000609393 -0.00102558 -0.000955503 -0.00100791 -0.00106336 0.00284884 -0.00108558
internal_weight=0 392.25 244.75 154 196 147.5 79.25 169.75 93 76.75 69.25 82 54 48.75 40.25 11 56.5 57.5 27.25 21 26.25 20.5 56 11.75 68.25 47.75 42.75 28 45.75 25.25 46 11.5 34.5 28.25 22.25 15.25 20.25 51 36 15.75 11.75 30.25 10.5 13 14.75 38 14.25 22 11 20.5 31.75 14 22.75 14 11 11 17.75 23.75 20.25 14 98 48 17.25 14.25 11.75 20.25 20.5 17.5 10.5 50 30.75 25.75 45 15.25 40
internal_count=2185 1569 979 616 784 590 317 679 372 307 277 328 216 195 161 44 226 230 109 84 105 82 224 47 273 191 171 112 183 101 184 46 138 113 89 61 81 204 144 63 47 121 42 52 59 152 57 88 44 82 127 56 91 56 44 44 71 95 81 56 392 192 69 57 47 81 82 70 42 200 123 103 180 61 160
is_linear=0
shrinkage=1


Tree=1
num_leaves=82
num_cat=1
split_feature=11 1 10 7 5 1 1 2 2 10 5 3 7 2 3 5 5 2 3 3 3 10 9 2 6 3 9 9 2 2 5 7 9 10 5 3 10 1 10 10 6 1 5 10 3 10 10 7 5 8 3 1 10 3 9 10 9 9 5 9 2 9 5 10 8 8 8 5 2 2 5 7 6 8 8 8 9 10 10 3 10
split_gain=225.756 47.9119 35.7556 23.6921 15.1867 14.8458 11.5962 11.1948 10.3574 11.6879 9.89473 9.08057 9.07358 11.4435 8.26829 8.86789 7.62962 7.39 9.01909 6.88769 6.60262 6.1113 7.52394 6.03192 5.71817 6.36448 5.5401 5.50181 9.96146 8.04057 6.58531 5.44556 5.30096 5.16717 5.05838 4.64782 4.64775 4.55837 6.60571 5.23031 4.6351 4.09484 7.7121 7.07507 9.93834 4.54353 4.03065 3.86141 3.83336 3.81919 3.69908 3.55452 3.36505 4.66756 3.20233 3.15901 3.97058 3.07762 3.66515 6.23948 2.75546 2.73689 2.26616 3.01245 3.91606 2.03711 2.02122 1.99475 1.90322 2.4041 1.67498 1.53065 0.504417 0.443787 2.84225e-06 2.25298e-06 2.06742e-06 1.61916e-06 2.28936e-06 9.80565e-07 8.55984e-07
threshold=0 15607.800000000001 -0.048387783563484298 0.61312100000000014 1235392.0000000002 94072.60000000002 122036.50000000001 1609760.0000000002 1541490.0000000002 -0.47074333121550743 1328032.0000000002 0.22289710575483632 0.74794850000000013 587107.50000000012 0.1227426346240668 1194304.0000000002 856704.00000000012 1027265.0000000001 0.13208190300301911 0.19413427781107082 0.25643244666101828 -0.58339389187444535 0.53591850000000008 866363.50000000012 0.84703850000000014 0.072958856048051163 0.56005450000000012 0.42832050000000005 527528.00000000012 594234.00000000012 835680.00000000012 0.61864950000000019 0.48495050000000006 -0.07971282385330998 1333536.0000000002 0.11585241903304726 -0.39727009540125396 33360.250000000007 0.47723818566003734 0.93770964946364999 0.8675560000000001 94633.60000000002 1164448.0000000002 -0.53204532880408795 0.13863582991589549 -0.59712022916426921 -0.28689143084015156 0.50642900000000013 1342912.0000000002 0.76099000000000017 0.16499082357435288 68840.650000000009 -0.63162962472749251 0.14760596913909838 0.6290730000000001 -0.23348340370547702 0.46468300000000001 0.41088350000000007 776928.00000000012 0.51403750000000004 741564.50000000012 0.69054700000000013 1328224.0000000002 0.07255117028807688 0.76099000000000017 0.75774200000000014 0.76157800000000009 1311488.0000000002 974249.50000000012 658628.00000000012 795680.00000000012 0.54381500000000005 0.9111760000000001 0.73708650000000009 0.73830050000000014 0.82410400000000006 0.55126500000000012 -0.22727546710537919 -0.51592687905516488 0.17434796399788935 -0.23853991830041546
decision_type=9 2 2 2 2 2 2 2 2 2 2 2 2 2 2 2 2 2 2 2 2 2 2 2 2 2 2 2 2 2 2 2 2 2 2 2 2 2 2 2 2 2 2 2 2 2 2 2 2 2 2 2 2 2 2 2 2 2 2 2 2 2 2 2 2 2 2 2 2 2 2 2 2 2 2 2 2 2 2 2 2
left_child=72 33 3 6 31 7 8 37 9 27 -10 35 13 65 32 16 19 23 49 -16 34 22 -6 26 25 -23 -15 29 52 -3 -30 -5 -11 73 60 71 -26 39 61 -4 57 43 50 44 -33 -46 -34 -32 51 -19 70 -27 -29 -54 55 56 -45 -40 -59 -60 -17 62 63 64 -39 -7 -37 -49 69 -65 -43 -8 74 -2 79 77 -77 78 -76 80 -1
right_child=1 2 5 4 21 12 11 -9 10 14 -12 -13 -14 17 15 20 -18 18 -20 -21 -22 24 -24 -25 36 48 -28 28 30 -31 47 41 46 -35 -36 66 -38 38 40 -41 -42 42 -44 54 45 -47 -48 67 -50 -51 -52 -53 53 -55 -56 -57 -58 58 59 -61 -62 -63 -64 68 -66 -67 -68 -69 -70 -71 -72 -73 -74 -75 75 76 -78 -79 -80 -81 -82
leaf_value=-0.002000151969813002 -0.0020002296686703622 -0.00018217803388962395 -6.204273531332588e-05 0.0016340850831216814 -0.0014778213078652414 0.00048141433803990357 -0.00095677630602119612 -0.00025099361577885171 -0.00026144153250794123 0.00026937084803271963 0.0014272416490024634 0.00019269930260331597 0.0012710771535562558 -0.00066708027230307431 0.0012368123395189916 -0.00020067231037338562 0.0017316883827443365 -0.00076984894698203278 0.0010841387310646297 -0.00036451534638442525 0.00099843665211380122 -0.00030340777361524685 0.00019946806170837992 -0.0012860708712647169 0.00025994564701554529 -0.00020041982664770053 0.00055847451636947907 -0.0014784945538384928 0.0008226919677474338 -0.0018400118371993696 -0.00088004879952640475 -0.00062128860914319065 -8.7205756661800575e-05 -0.00060080605560226547 0.00047510396340731247 -0.0019998007952745458 -0.00096351725741745714 0.0014270232474674139 0.0011409263151513891 0.0011650251597905207 0.0013665883903608495 0.00079875395565022478 0.0012294300626036069 0.0013026035144729216 0.0014056455182099806 0.00018122240199987366 -0.0012000412170199543 -0.00028622696308654708 0.0014531638022254405 0.00036239030080259131 -0.00048743393980148122 0.00089556517863771667 -0.0010589957984135446 7.9395375260871132e-05 0.0016231295857734283 0.0014981174843730085 0.0002548558556888966 0.001088959801403152 -0.00057220567704208884 0.00066525195078368893 -0.0012379475869506997 0.0019979085612587253 0.00071274255521827569 0.0017477937420934319 0.00028450247519855673 0.0011982079533950293 -0.0011304560645146538 0.00049953658491887925 0.0019979168370138369 0.00096630792698811638 -9.5761979700224578e-07 -0.00020025049336119992 -0.0017143435435816666 -0.0016005254533302613 -0.0020006508653304376 -0.0019994985054907154 -0.0020002390523200836 -0.0020009314961508002 -0.0019997703914977094 -0.0019994542398871144 -0.0019996205134321476
leaf_weight=6.7499980181455621 6.249998554587366 5.4999982863664609 8.2499922513961774 5.4999912381172171 5.7499987930059415 7.2499929517507544 5.749998360872274 7.9999938607215872 5.7499978095293036 9.2499947249889392 8.7499939650297147 7.7499953210353842 8.2499907314777357 8.999996170401575 5.2499962747097033 4.9999971836805361 7.4999932944774619 6.4999963641166705 8.7499918043613416 5.4999972432851791 4.9999952018260947 8.2499974519014376 4.9999979734420776 6.9999969601631156 5.7499971240758896 4.9999983310699481 6.2499948292970648 5.7499990612268475 8.4999958574771899 6.2499984055757523 6.2499985098838833 7.2499964833259609 5.7499983310699463 4.9999966919422141 5.2499967962503424 4.9999989420175535 6.7499975413084012 6.9999930113553983 6.9999922364950207 5.9999942183494559 9.4999893456697446 4.999996364116674 6.4999952167272559 5.7499938905239132 6.7499933540821084 5.4999966770410511 7.4999980479478818 6.9999974817037565 5.499996453523635 5.4999949932098389 9.2499932050704938 7.2499955594539642 8.4999985843896848 6.2499981224536887 7.9999911040067664 5.9999927878379848 9.7499897181987745 5.4999933540821102 6.9999970644712475 9.7499919533729535 5.2499988526105881 5.2499935179948798 6.9999931752681723 7.9999885559082049 5.2499954402446747 8.7499904036521894 5.7499984949827194 5.9999981373548508 6.7499911636114112 7.7499925792217255 5.4999957680702209 4.999998539686203 6.9999978095293036 4.9999977201223373 6.7499971985816938 6.2499987334012976 9.4999980330467206 5.2499975264072445 5.2499986886978149 7.4999983906745902 5.4999992698431024
leaf_count=27 25 22 33 22 23 29 23 32 23 37 35 31 33 36 21 20 30 26 35 22 20 33 20 28 23 20 25 23 34 25 25 29 23 20 21 20 27 28 28 24 38 20 26 23 27 22 30 28 22 22 37 29 34 25 32 24 39 22 28 39 21 21 28 32 21 35 23 24 27 31 22 20 28 20 27 25 38 21 21 30 22
internal_value=0 0.000236662 0.000299863 8.73304e-05 0.000406603 0.000657622 -0.000164217 0.000887293 -4.11599e-05 -0.000136681 0.000757591 -0.000735331 0.000288781 0.000151426 0.000170611 0.00045058 0.000957594 -0.000117219 0.000312065 0.000417528 -7.85934e-07 -3.10489e-05 -0.000697687 -0.000517562 0.00015509 0.000422309 -0.000164804 -0.000450374 -0.000300941 -0.001064 8.9593e-05 0.00067353 -0.000311558 -0.00144665 -0.000323116 -0.00106985 -0.000400724 0.000978356 0.00106539 0.000454617 0.000759719 0.000603323 0.000284611 0.000774062 0.000306692 0.000855904 -0.000717113 -0.000234113 0.000759614 -0.000250906 -2.63423e-05 0.000448224 -0.00082959 -0.000576627 0.001083 0.000882024 0.000643536 0.000562616 0.000380676 0.000148105 -0.00073196 0.00131741 0.00123184 0.0013364 0.000937371 0.000873411 -0.0015348 7.64331e-05 0.00155365 0.00136325 0.000379857 -0.000604904 -0.00168462 -0.00182258 -0.00200004 -0.00200022 -0.00199995 -0.00200047 -0.00200027 -0.00199974 -0.00199991
internal_weight=0 486.5 470.25 295 130 175.25 165 108 135.75 121.25 14.5 29.25 67.2499 59 61.25 38.75 18.25 43 20.75 10.75 20.5 49.25 10.75 22.25 38.5 26 15.25 60 48.25 11.75 27.75 80.7499 22.5 16.25 15.5 21.5 12.5 99.9999 85.7499 14.25 38.75 75.2499 26.25 49 19.5 12.25 13.25 19.25 17.75 12 19.75 12.25 20.5 14.75 29.5 21.5 15.5 29.25 22.25 16.75 10.25 46.9999 41.75 34.75 12.25 16 10.75 13 22.5 15.75 10.5 10.75 59.75 11.25 52.75 33 15.75 17.25 12 19.75 12.25
internal_count=2185 1946 1881 1180 520 701 660 432 543 485 58 117 269 236 245 155 73 172 83 43 82 197 43 89 154 104 61 240 193 47 111 323 90 65 62 86 50 400 343 57 155 301 105 196 78 49 53 77 71 48 79 49 82 59 118 86 62 117 89 67 41 188 167 139 49 64 43 52 90 63 42 43 239 45 211 132 63 69 48 79 49
cat_boundaries=0 1
cat_threshold=8
is_linear=0
shrinkage=0.001


Tree=2
num_leaves=86
num_cat=1
split_feature=0 11 7 10 0 0 0 5 6 2 7 7 3 6 8 0 5 6 5 6 2 2 8 2 3 0 5 0 3 5 3 0 8 8 8 2 7 8 2 10 2 3 5 5 5 5 4 3 10 4 4 10 5 8 0 8 0 3 5 3 3 5 2 2 8 0 8 2 0 6 3 4 5 8 10 10 10 2 8 3 3 7 10 2 6
split_gain=498.634 160.757 28.5273 31.0377 22.6619 18.3307 12.5996 7.3172 6.0028 8.73922 7.34144 7.7834 8.09587 9.48667 6.93708 6.88002 5.66815 5.59621 7.78706 5.57353 5.16427 10.0788 5.8766 6.20085 4.60095 4.4824 4.39231 4.17274 7.01449 5.09058 4.1906 4.14261 4.10208 3.91729 4.89442 4.71191 3.86258 5.21759 3.7118 5.76201 7.42611 6.54566 3.60769 2.88936 4.05531 2.778 2.74619 2.61437 3.08261 3.5313 3.41442 2.08468 1.98125 1.88577 1.94543 1.71619 1.55701 2.84164 3.90876 1.46559 1.36182 1.16485 0.950255 0.999076 0.94691 0.680772 0.649944 0.639466 0.595407 0.584754 0.54973 0.433904 0.437192 0.177098 0.131014 1.97678e-06 1.80802e-06 1.70207e-06 1.69497e-06 1.53053e-06 1.11825e-06 1.10004e-06 1.08552e-06 1.07156e-06 7.51543e-07
threshold=2419.6750000000006 0 0.74048150000000013 -0.048387783563484298 3226.8700000000003 1934.0550000000001 903.54400000000021 704000.00000000012 0.78268700000000002 451042.50000000006 0.72515750000000012 0.61312100000000014 0.13863582991589549 0.94914350000000014 0.80958200000000013 409.21250000000003 663904.00000000012 0.72141000000000011 1143456.0000000002 0.94914350000000014 1012790.0000000001 1224425.0000000002 0.68031400000000009 625248.50000000012 0.14274401187462996 2066.9550000000004 1302240.0000000002 549.35750000000019 0.22289710575483632 1228416.0000000002 0.27944661824222522 767.38900000000012 0.77931800000000007 0.73655900000000007 0.66811600000000004 599729.50000000012 0.63788000000000011 0.7825605000000001 673043.00000000012 2.3444333694264867 979729.50000000012 0.16975442279648364 1307328.0000000002 877312.00000000012 1310816.0000000002 1310816.0000000002 0.74299607829990488 0.13089446096349774 0.0087307241000229765 0.62602877951400993 0.82759427150605058 0.17308546770860705 877312.00000000012 0.80958200000000013 1156.0750000000003 0.75329650000000015 4102.1750000000002 0.20482996959289837 1220736.0000000002 0.12145984797774668 0.072958856048051163 1214976.0000000002 853461.00000000012 500221.50000000006 0.7706900000000001 584.38800000000015 0.69787200000000016 443120.50000000006 430.77650000000006 0.88977750000000011 0.16975442279648364 0.323842476157718 1252128.0000000002 0.85911250000000006 -0.16379013915093985 0.52738296371787319 -0.57071839580534345 535573.50000000012 0.7466710000000002 0.12507853541314928 0.11585241903304726 0.58595750000000013 -0.0080286794028143118 716031.50000000012 0.83764050000000012
decision_type=2 9 2 2 2 2 2 2 2 2 2 2 2 2 2 2 2 2 2 2 2 2 2 2 2 2 2 2 2 2 2 2 2 2 2 2 2 2 2 2 2 2 2 2 2 2 2 2 2 2 2 2 2 2 2 2 2 2 2 2 2 2 2 2 2 2 2 2 2 2 2 2 2 2 2 2 2 2 2 2 2 2 2 2 2
left_child=1 69 3 5 16 8 38 59 9 -3 11 12 13 14 42 -13 -2 24 -19 27 22 -22 -9 -24 -11 47 36 29 -29 -14 -30 65 -28 34 -7 -35 51 -38 68 40 41 -40 46 -33 64 61 -10 48 49 -4 -51 62 -21 66 -55 -32 57 71 -59 -8 -50 -23 63 -18 -45 -17 -49 -58 -5 80 75 -6 77 76 -68 -42 -69 -73 83 -79 -1 -82 -80 -78 -85
right_child=4 2 25 6 56 33 7 20 10 17 -12 15 19 -15 -16 31 26 18 -20 52 21 45 23 -25 -26 -27 32 28 30 -31 55 43 -34 35 -36 -37 37 -39 39 -41 70 -43 -44 44 -46 -47 -48 53 60 50 -52 -53 -54 54 -56 -57 67 58 -60 -61 -62 -63 -64 -65 -66 -67 74 73 -70 -71 -72 72 -74 -75 -76 -77 78 79 82 -81 81 -83 -84 84 -86
leaf_value=-0.0019985965451023357 -1.2696096176476506e-06 -0.0010478186635100636 0.0014977961957830083 0.0016212439972268385 -0.0015988095871395012 -0.00020037221748280611 0.0011485831557794077 0.0011976050741307573 -0.0007275472628681934 0.00019917605005133023 -0.00032281337379664926 7.8567528736019277e-05 0.0011982954145256229 0.00094617599908326723 -0.0011664558102184479 0.0014972833543560645 -0.0018164704779634019 0.00090750415251760451 -0.00059505192787574844 -0.00026199315421701678 0.0017691062245338842 0.00047472496819933564 0.0006227556779376817 -0.00056513811387763884 0.0014980282198418032 0.00047426679341429118 -7.4690439834781164e-05 0.0019980424573151161 0.00016514506153276332 -0.00016792094011138317 0.00079812512630426957 0.00039774550753118436 -0.0011989898332826661 0.00066639088434464731 -0.0015995746526034648 -0.00054548723443547146 -0.0013930468723602635 -0.00016747196233063641 0.00015152490029501591 0.00028393834705551791 0.0019960896129930022 0.0016338030512755731 0.00079852068734854195 0.0018232829588239606 0.00047470530819272586 0.00093078179207518592 0.00026083832719120669 0.001552145742899563 0.0019968952346364572 0.00015196545084463878 0.0012362445345959038 -0.0010398151767122613 0.00059871289701984051 0.0016333542330638545 0.000854658078610762 0.0016167413752531112 -0.0015990236636048395 -0.00091860044453834883 -0.0018731492768813806 0.0018150069995541995 0.0013008764875994258 -0.00018380921443780421 -0.0019980202634530529 -0.001198841482791972 0.0012358782404344438 0.0019969001927419572 0.0019967548064651832 -0.0019977751871537671 0.0019961876724845949 -0.0016355036252479866 0.0015966309762559167 -0.0019988199274996324 -0.001702116730825274 -0.0017985526661139901 0.0017967702349907036 0.0019969383297700032 -0.0019984235016076005 -0.0019978811097622726 -0.0019983158096478575 -0.0019985806713090485 -0.0019988145821578872 -0.0019994125067207226 -0.0019989173407160481 -0.0019976784909996473 -0.0019981739749833521
leaf_weight=9.7499939203262382 4.9999965280294409 5.2499981373548534 7.9999872893095079 7.9999707043170956 4.9999965727329281 4.9999975115060824 8.2499805390834791 4.9999889731407192 5.4999990016222089 4.9999977350235003 7.7499967366456977 6.2499908953905097 4.9999932348728162 9.4999920278787595 5.9999985694885245 5.9999861866235715 5.499994516372686 5.499994382262229 9.2499922662973386 5.7499931752681714 8.749985799193384 5.2499958574771899 7.9999860078096416 9.7499926686286909 5.9999919980764389 5.249993994832038 6.749997138977049 7.4999886304140118 5.9999919831752804 5.9999917298555374 4.9999934881925565 6.2499875873327282 6.2499966025352478 5.2499972283840171 4.9999963939189911 8.2499948590993863 8.2499950677156431 5.9999963641166678 6.4999890327453631 5.2499951422214499 5.2499788254499418 5.4999892264604568 4.999994382262229 5.749987408518793 5.2499951869249335 7.4999854117631903 5.7499982863664627 6.7499792575836208 5.4999855011701566 6.4999910742044431 5.2499943673610687 6.2499979436397544 4.9999942779541016 8.2499786019325239 5.2499889284372321 5.249991238117218 4.9999979883432379 9.2499970346689242 7.9999906718730918 5.499985694885253 5.7499812841415405 5.4999930560588837 6.9999917596578589 4.999996542930603 5.2499915361404419 4.999986931681633 9.4999729543924314 8.9999868422746641 8.9999659210443479 5.499997913837432 4.9999841600656501 6.2499964535236421 6.7499939650297156 4.9999952167272559 4.9999856799840918 5.7499855756759644 6.4999942779541078 7.2499908804893476 6.9999937266111374 5.4999952912330627 7.9999954998493177 4.9999991655349731 5.2499974966049177 6.2499907016754133 5.9999935775995255
leaf_count=39 20 21 32 32 20 20 33 20 22 20 31 25 20 38 24 24 22 22 37 23 35 21 32 39 24 21 27 30 24 24 20 25 25 21 20 33 33 24 26 21 21 22 20 23 21 30 23 27 22 26 21 25 20 33 21 21 20 37 32 22 23 22 28 20 21 20 38 36 36 22 20 25 27 20 20 23 26 29 28 22 32 20 21 25 24
internal_value=0 0.000598652 0.000773504 0.000656946 -0.00152481 0.000397673 0.00106551 0.000769452 0.00052189 0.000128066 0.000619754 0.000682189 0.000497173 0.000109633 -0.000247543 0.00104175 -0.00101735 0.000367809 -3.47768e-05 0.000767599 0.000590992 0.000886737 0.000239998 -2.97497e-05 0.000907641 0.00136346 -0.00111696 0.000962263 0.00119809 0.000453087 0.000828885 0.00122145 -0.000615219 -0.000425594 -0.000899973 -7.42013e-05 -0.00128861 -0.000877015 0.00143964 0.00124531 0.00142557 0.000830902 9.17483e-05 0.000975571 0.00119781 0.000463683 -0.000222372 0.00143446 0.00122334 0.000985338 0.000636431 -0.00153557 0.000138335 0.0016228 0.00133053 0.00121742 -0.00181479 -0.00168615 -0.00136129 0.00141515 0.00164115 0.000137801 -0.00171262 -0.00152236 0.00154293 0.00172438 0.00180847 -0.00193829 0.00181974 -0.00142403 0.00187156 -0.00186838 -0.00192073 -0.00197599 0.00192779 0.00199653 -0.00199817 -0.00199839 -0.00199828 -0.00199818 -0.00199885 -0.00199904 -0.00199857 -0.0019981 -0.00199792
internal_weight=0 392.249 363.999 293 154 179.25 113.75 63.4999 155.75 31 124.75 117 77.2499 31.75 22.25 39.7499 56 25.75 14.75 45.4999 49.7499 27 22.75 17.75 11 70.9998 51 34.75 23.75 11 16.25 33.4999 13 23.5 9.99999 13.5 38 14.25 50.2499 33.2499 27.9999 12 16.25 22.5 16.25 18.25 11.25 65.7498 30.9999 19.75 11.75 23.75 10.75 34.7499 13.5 10.25 97.9999 48 17.25 13.75 11.25 10.75 17.5 10.5 11 11 21.2499 49.9999 16.9999 28.25 15.9999 30.75 25.75 45 14.5 11 40 19 31 12.75 22.75 13 12.25 18.75 12.25
internal_count=2185 1569 1456 1172 616 717 455 254 623 124 499 468 309 127 89 159 224 103 59 182 199 108 91 71 44 284 204 139 95 44 65 134 52 94 40 54 152 57 201 133 112 48 65 90 65 73 45 263 124 79 47 95 43 139 54 41 392 192 69 55 45 43 70 42 44 44 85 200 68 113 64 123 103 180 58 44 160 76 124 51 91 52 49 75 49
cat_boundaries=0 1
cat_threshold=8
is_linear=0
shrinkage=0.001


Tree=3
num_leaves=82
num_cat=1
split_feature=11 1 10 7 1 1 2 2 10 3 7 2 7 3 2 3 10 4 1 6 6 3 4 2 2 9 3 4 6 9 9 2 4 2 4 4 10 9 10 10 1 4 3 1 10 10 6 2 4 10 3 4 10 8 2 7 8 6 4 1 9 8 8 1 8 4 3 8 9 1 7 7 6 7 8 10 2 2 7 1 3
split_gain=224.9 47.7801 35.6116 23.5986 14.7945 11.5607 11.157 10.3287 11.6624 9.0556 9.04341 11.4048 8.63037 8.23509 7.3652 8.99314 6.83054 10.0802 10.4843 8.83419 6.77881 8.53786 7.16465 6.02361 6.01288 6.00655 5.85777 5.69288 9.50324 5.52611 5.48365 9.93424 8.20228 8.01875 7.23981 6.7788 5.38848 5.28454 5.15385 4.75889 4.83035 4.64943 4.63687 4.54592 6.58727 5.21783 4.61985 4.53711 4.07436 5.83334 5.89476 4.04529 4.02248 3.9578 4.87617 4.17471 3.80791 3.50959 3.42177 2.81412 2.72893 2.24682 4.95367 2.97341 2.02998 2.02655 2.02635 2.01477 1.53152 1.26033 1.19913 0.629152 0.502903 0.443012 3.07333e-06 3.882e-06 1.59826e-06 2.17224e-06 1.39103e-06 2.3539e-06 7.13817e-07
threshold=0 15607.800000000001 -0.048387783563484298 0.61312100000000014 94072.60000000002 122036.50000000001 1609760.0000000002 1541490.0000000002 -0.47074333121550743 0.22289710575483632 0.74794850000000013 587107.50000000012 0.61704650000000016 0.1227426346240668 1027265.0000000001 0.13208190300301911 -0.53204532880408795 0.24166897929366354 100434.50000000001 0.83764050000000012 0.94436800000000021 0.2681241554076898 0.31333404336705323 1060700.0000000002 866363.50000000012 0.42349400000000009 0.20009218009761878 0.83514270720178019 0.88977750000000011 0.56005450000000012 0.42832050000000005 527528.00000000012 0.90384946998882543 594234.00000000012 0.90621054543612944 0.74470207463889937 -0.55742121381045417 0.48495050000000006 -0.07971282385330998 -0.62548475496338918 71159.35000000002 0.63626173830340993 0.11585241903304726 33360.250000000007 0.47723818566003734 0.93770964946364999 0.8675560000000001 741564.50000000012 0.066586602423396771 0.93770964946364999 0.1297508015840568 0.79076129832729281 -0.28689143084015156 0.85417350000000014 527528.00000000012 0.73237050000000015 0.76099000000000017 0.87897850000000011 0.65744034181268507 60353.150000000001 0.69054700000000013 0.7596940000000002 0.81952550000000013 51049.55000000001 0.75774200000000014 0.83241904499796449 0.096055113394541106 0.76157800000000009 0.54755150000000008 67136.35000000002 0.64654500000000015 0.74048150000000013 0.9111760000000001 0.63788000000000011 0.75259600000000015 -0.17701394164461323 680489.50000000012 486175.50000000006 0.59256600000000015 249086.50000000003 0.16975442279648364
decision_type=9 2 2 2 2 2 2 2 2 2 2 2 2 2 2 2 2 2 2 2 2 2 2 2 2 2 2 2 2 2 2 2 2 2 2 2 2 2 2 2 2 2 2 2 2 2 2 2 2 2 2 2 2 2 2 2 2 2 2 2 2 2 2 2 2 2 2 2 2 2 2 2 2 2 2 2 2 2 2 2 2
left_child=72 38 3 5 6 7 43 8 30 42 11 64 -5 37 24 56 23 19 53 -18 21 22 -15 27 29 -20 47 28 71 -13 33 32 51 -3 35 -33 -9 -10 73 -29 -41 -27 68 45 60 -4 48 -24 -46 -50 -51 -32 -39 54 -19 57 -16 58 -56 -37 61 63 66 -45 -6 -57 -63 -44 -7 -65 -71 -14 74 -2 78 76 77 -76 80 -80 -1
right_child=1 2 4 12 10 9 -8 36 13 -11 -12 14 16 20 15 -17 17 18 25 -21 -22 -23 26 -25 -26 41 -28 39 -30 -31 31 34 -34 -35 -36 59 -38 52 -40 40 -42 -43 67 44 46 -47 -48 -49 49 50 -52 -53 -54 -55 55 65 -58 -59 -60 -61 -62 62 -64 69 -66 -67 -68 -69 -70 70 -72 -73 -74 -75 75 -77 -78 -79 79 -81 -82
leaf_value=-0.0019959645863864206 -0.0019977253105492826 -0.00018168877655750244 -6.2520062658150713e-05 0.0016317418082696102 0.0004804865418171007 -0.00019896335175571112 -0.00025072363492544789 0.0015969695140551196 0.00026943526940164097 0.00019268383957907762 0.0012688230609698421 -0.00066627007777026359 -0.0010896415768145691 -0.00092253845246090629 -0.00076893239805709385 0.0010823688414332731 0.00044946976107179416 -2.2541406112823506e-06 0.0010452365800525298 -0.0011667805465213784 0.0013816565591045727 0.0011969302041527799 0.001256294253352391 -0.0009994897407078489 -0.0012841248266235634 0.00039867200841104663 -0.00046162504429405558 0.0011696897566245618 0.00066459381708522435 0.00055773653099457814 -0.00075804748157602513 -0.00031571954775257946 7.4356560362333444e-05 -0.0018372728098286295 -0.0010000411600518495 0.00019917506566460218 0.000314429167603357 -8.6251186425260671e-05 -0.00060003213232856924 -0.00046121335697063239 0.00070771990397819481 -0.00066741003390165731 -0.0019967922157968689 0.00083024820563349136 0.0011970142227117658 0.0011630846906501508 0.0013640891504559051 -5.2414062114221996e-07 -0.00054789763684091571 0.00015179680168011942 0.0013812200475357547 -0.001844474725626146 -0.0011979595358403055 0.0016089840717914933 0.00085494220191213721 0.0010735531054971877 0.00036163544836387496 0.0012701620943543982 -0.00028678127573337792 0.0011499281839778353 0.0019946418991480452 9.3160569323786447e-05 0.0015962943858927549 0.0019951403681289529 0.001196027033816651 0.0018220841077972081 0.00095245305713551368 -0.0011288334133129918 -0.00095570387238373266 0.0011258960269274606 0.0017955031214320349 -0.00059951699082277899 -0.0017109947486251395 -0.0015983698500180617 -0.0019960327782482597 -0.00199700026632991 -0.0019959337716252256 -0.0019969320645116307 -0.001996748139655234 -0.0019958001071680234 -0.0019954767954435378
leaf_weight=6.9999698549509066 6.2499875128269213 5.4999945312738401 8.2499791085720044 5.4999645948410025 7.2499774098396292 4.9999938160181099 7.9999836832284918 4.9999845325946799 9.24998687207699 7.7499871402978888 8.2499552965164167 8.9999872446060198 5.4999908357858676 6.4999898076057461 6.4999880194664019 8.7499660700559598 7.7499810606241208 5.9999808669090262 5.249984726309779 5.9999887347221375 6.4999795109033576 7.4999745637178412 6.7499756217002886 4.9999822676181784 6.9999853968620291 7.4999814629554775 6.4999901205301276 7.2499738931655893 6.7499802112579337 6.2499866336584082 7.249990254640581 9.4999854713678413 6.7499919831752768 6.249983474612236 4.9999921768903723 4.9999922215938559 9.4999795109033567 5.749993771314621 4.9999905675649634 6.4999853670597076 7.7499789744615555 8.9999844431877118 4.9999824911355955 5.9999718666076687 7.4999714791774776 5.9999741464853278 9.4999462962150556 4.99998839199543 5.4999856948852566 9.7499737441539782 6.4999754875898352 6.4999924153089523 7.4999851137399656 7.7499636709690085 5.2499868273735064 9.7499590367078763 5.4999833256006241 5.4999812543392173 5.2499901503324509 8.2499883323907834 5.249960169196128 5.2499803453683871 7.4999668300151816 6.4999557435512569 8.7499568164348585 5.7499695867300025 5.7499672174453735 5.7499885410070419 5.7499922215938568 5.7499624490737897 4.9999699741601944 4.9999880939722061 6.9999784082174292 4.9999893307685852 5.2499787360429782 9.4999760091304797 9.7499572038650495 5.4999846518039703 4.9999850243329984 5.4999744445085526 5.249972403049469
leaf_count=28 25 22 33 22 29 20 32 20 37 31 33 36 22 26 26 35 31 24 21 24 26 30 27 20 28 30 26 29 27 25 29 38 27 25 20 20 38 23 20 26 31 36 20 24 30 24 38 20 22 39 26 26 30 31 21 39 22 22 21 33 21 21 30 26 35 23 23 23 23 23 20 20 28 20 21 38 39 22 20 22 21
internal_value=0 0.000236213 0.000299325 8.72205e-05 0.000656363 -0.00016383 0.000885638 -4.09611e-05 -0.00013635 -0.00073407 0.000288159 0.000151033 0.000405862 0.000170606 -0.000117158 0.000311405 0.000351707 0.000524117 0.000684175 -0.000255803 0.000450013 0.00026224 -2.09986e-05 3.34886e-05 -0.000516829 0.000113602 0.000300098 0.000166776 -0.000261137 -0.000164628 -0.0004497 -0.000300514 -0.00082844 -0.00106232 8.94862e-05 0.000328943 0.000756684 -0.000310594 -0.00144479 0.000510102 0.000174522 -0.000182827 -0.00106813 0.000976547 0.00106346 0.000453524 0.000758218 0.000721478 0.00056144 0.000342276 0.000643566 -0.00127163 -0.00071552 0.00095843 0.000823982 0.00098136 -0.000250756 0.000623046 0.00028408 0.000791153 0.00131513 0.00122968 0.000969616 0.00143662 0.000871797 0.00135123 0.000542336 -0.00153253 -0.000603732 0.00164753 0.00143734 -0.000856249 -0.00168143 -0.00182023 -0.00199626 -0.00199647 -0.00199623 -0.00199649 -0.00199598 -0.00199625 -0.00199576
internal_weight=0 486.499 470.249 294.999 175.249 165 108 135.75 121.25 29.2499 67.2498 58.9998 130 61.2499 42.9999 20.7499 124.5 80.7498 66.9998 13.75 38.7499 32.2499 24.7499 43.7499 22.25 21.75 18.25 38.7499 17.25 15.25 59.9999 48.2499 20.5 11.75 27.75 22.75 14.5 22.5 16.25 21.4999 14.25 16.5 21.5 99.9995 85.7496 14.25 38.7499 11.75 29.2499 21.7499 16.2499 13.75 13.25 45.2498 37.4999 31.4999 12 16 10.5 13.25 46.9997 41.7498 18.4999 23.2499 15.9999 15.4999 10.9999 10.75 10.75 17.2499 10.7499 10.5 59.7498 11.25 52.7498 29.9999 20.4999 10.75 22.7499 10.5 12.2499
internal_count=2185 1946 1881 1180 701 660 432 543 485 117 269 236 520 245 172 83 498 323 268 55 155 129 99 175 89 87 73 155 69 61 240 193 82 47 111 91 58 90 65 86 57 66 86 400 343 57 155 47 117 87 65 55 53 181 150 126 48 64 42 53 188 167 74 93 64 62 44 43 43 69 43 42 239 45 211 120 82 43 91 42 49
cat_boundaries=0 1
cat_threshold=8
is_linear=0
shrinkage=0.001


Tree=4
num_leaves=84
num_cat=0
split_feature=0 1 1 0 7 0 10 7 6 10 0 5 9 6 9 3 7 7 8 5 0 10 1 1 3 3 0 2 5 5 8 1 0 7 8 1 10 1 0 1 10 5 5 10 6 2 10 1 9 8 10 7 5 10 10 5 2 2 0 3 5 0 3 0 5 3 2 2 2 5 2 3 5 8 1 1 7 9 1 6 8 8 7
split_gain=497.276 84.2591 43.8173 25.5618 22.8669 22.6045 19.1654 14.2716 15.347 9.37725 8.57736 7.42487 5.8199 5.75354 10.0755 11.4414 8.65078 6.79856 6.99005 5.64951 5.23538 5.13631 4.95334 4.65659 6.67011 5.083 4.73191 4.46912 4.3845 4.27852 4.09008 3.95604 3.89277 3.85008 5.2029 3.83121 3.81425 3.58344 4.17443 3.28302 3.10497 3.09846 2.95622 2.8518 3.10447 2.7186 4.43863 5.74663 3.28444 2.31924 2.24203 2.14025 2.11375 2.07607 1.80757 1.76286 1.66436 1.59903 1.55343 2.83491 3.89506 1.52224 1.4978 1.90609 3.33971 5.11968 0.949525 0.995797 0.63689 0.499342 0.432418 0.409318 0.377291 0.176374 2.88465e-05 2.06934e-05 8.05108e-06 5.81153e-06 4.90644e-06 3.82419e-06 2.77992e-06 2.76828e-06 2.23491e-06
threshold=2419.6750000000006 170747.50000000003 15607.800000000001 1808.7750000000003 0.74705100000000013 3226.8700000000003 -0.048387783563484298 0.55296200000000006 0.81543300000000019 -0.50850592901618696 903.54400000000021 1199136.0000000002 0.60195100000000001 0.83916850000000009 0.39910650000000009 0.2681241554076898 0.6933760000000001 0.61312100000000014 0.84950800000000004 663904.00000000012 1504.6200000000001 -0.36567286267460652 93066.150000000009 122036.50000000001 0.2185584712506034 0.13863582991589549 832.37700000000007 625248.50000000012 1302240.0000000002 1245792.0000000002 0.77931800000000007 43597.650000000001 2123.8950000000004 0.63788000000000011 0.7825605000000001 80306.150000000009 0.68432742502990995 100434.50000000001 2164.6200000000003 58238.400000000009 2.3444333694264867 751584.00000000012 1303968.0000000002 -0.50072379658893695 0.80694500000000013 1746775.0000000002 -0.46617223774202482 85041.950000000012 0.49848400000000009 0.73944350000000014 -0.50850592901618696 0.54893700000000012 1129184.0000000002 0.17308546770860705 -0.24244357129865549 985024.00000000012 987637.50000000012 649224.50000000012 4102.1750000000002 0.20482996959289837 1220736.0000000002 446.44650000000007 0.20707612507824311 733.39450000000011 835680.00000000012 0.088647900102666474 853461.00000000012 500221.50000000006 443120.50000000006 776928.00000000012 437837.00000000006 0.13208190300301911 1252128.0000000002 0.85911250000000006 216271.50000000003 118336.00000000001 0.59012850000000017 0.54026300000000005 89019.700000000012 0.83916850000000009 0.7153655000000001 0.75774200000000014 0.54893700000000012
decision_type=2 2 2 2 2 2 2 2 2 2 2 2 2 2 2 2 2 2 2 2 2 2 2 2 2 2 2 2 2 2 2 2 2 2 2 2 2 2 2 2 2 2 2 2 2 2 2 2 2 2 2 2 2 2 2 2 2 2 2 2 2 2 2 2 2 2 2 2 2 2 2 2 2 2 2 2 2 2 2 2 2 2 2
left_child=1 2 21 4 6 19 13 54 -9 49 40 37 32 14 -4 23 17 18 45 -2 -10 -1 35 24 25 43 -27 -24 33 50 -30 -6 -13 53 -35 39 -29 38 -11 52 41 -8 -17 -16 -45 46 48 -48 -15 -5 57 -50 -12 66 -3 82 61 -19 59 70 -61 -57 63 69 -65 -66 67 -21 -60 -33 -7 -58 75 74 76 79 78 -78 -70 -72 -80 -64 -43
right_child=5 7 3 9 31 58 10 8 20 11 22 12 -14 16 15 42 -18 29 -20 28 -22 -23 27 -25 -26 26 -28 36 30 -31 -32 62 -34 34 -36 -37 -38 -39 -40 -41 -42 55 -44 44 -46 -47 47 -49 51 -51 -52 -53 -54 -55 -56 56 71 -59 68 60 -62 -63 81 64 65 -67 -68 -69 73 -71 72 -73 -74 -75 -76 -77 77 -79 80 -81 -82 -83 -84
leaf_value=-0.0018301910861652851 -1.5088345454470082e-06 -0.0019956516451356816 0.0015356245948591112 -0.00099840565525059354 0.00090389486014100934 -0.0015967631534791139 0.00099458833037226603 0.00079848492825006397 -0.00051338501835417852 0.0016086988761094591 0.0016617785085834131 -0.0002623822102883685 -0.00091081531573635691 -0.00012506196729954966 -0.00048195996902468456 0.0016478929829476475 -0.00016227930579123723 0.0015950700404958843 -0.00028551850307608769 -0.001813547814224378 -0.0017961219845193594 -0.00047579057800053944 0.0011264830057785876 -0.00076860547850999118 -0.00066696800298306951 0.00022022281186521468 0.0014043055623506342 -0.000501929779135825 -7.4331555662361328e-05 0.00061812055332393073 -0.001196986210257081 0.0015941926759172739 0.00087772793813168087 -0.0013912384903660721 -0.00016738843427640347 0.0018215727400237697 0.0006652184599204255 0.00026457976600047505 0.00049767228530660994 0.00044053675099070701 0.00087109792517007438 0.0019943310046442171 0.00059652539411806206 0.00070865618343046147 -0.00026113096684883232 0.0014506245651394001 0.0015749841881462492 0.0003682258315301424 0.00028397780168477828 -0.00018129981658325631 0.0018831737304498106 0.0011981543823836925 0.00085291434228182178 -0.0010386907564604705 -0.0012832283619315281 0.00085177749278817286 0.0019940242574114585 0.00079531064992062342 -0.0015971250082168964 -0.00091746943082977482 -0.0018703458083715921 0.0016132925141839067 0.0019931926087055707 0.0018612379680965731 0.0016477287747494037 0.00028187059771386406 -0.0019953980037665468 -0.0011969319020272238 -0.0019959284693424864 0.0019946876128337249 -0.0019958865513730901 0.0015942362804746751 -0.0017293087316468216 -0.0017962569303130197 -0.0019933394251957178 -0.0019943383391768988 -0.0019957980288014066 -0.0019970408819573672 -0.0019944239549501068 -0.0019970498140465163 -0.0019954542131973424 0.0019942322994846891 0.0019934671336251856
leaf_weight=5.9999810606241226 4.9999914914369574 7.2499610185623169 6.4999800920486441 5.9999814033508292 8.2499367743730527 4.9999822080135372 7.9999283850193015 7.4999667555093792 8.7499548643827421 7.7499564439058322 5.9999570697546059 5.7499881088733691 5.4999813437461844 7.9999842196702913 7.2499868720769838 5.7499692738056165 9.2499866187572461 4.9999615848064458 6.999991610646247 5.4999655485153252 4.9999720752239218 5.2499900013208372 5.7499656826257732 6.4999826401472083 8.2499857842922193 6.7499775737524015 6.7499735653400421 5.9999829083681089 6.7499917298555356 7.2499790489673606 6.2499790489673615 4.9999553263187435 6.2499812543392181 8.2499727755784971 5.9999891370534888 5.7499649524688712 5.2499887645244598 7.4999759793281546 5.9999825060367584 8.999954938888548 7.999958097934722 5.7499498724937421 4.9999791234731674 7.7499880641698891 5.7499901503324509 5.499969854950904 9.4999550879001706 6.7499808818101874 5.24998891353607 8.249980762600897 8.9999209046363831 4.9999926686286926 6.9999634474515915 6.2499901950359336 6.9999601542949659 5.249954819679262 5.2499481141567212 4.9999682754278183 4.9999856799840918 9.2499835938215274 7.9999480396509162 5.2499517798423767 5.24993748962879 7.4999392777681377 5.7499669194221479 5.2499654293060303 6.9999573379755011 4.9999822825193405 8.7499589174985903 8.2499348968267423 4.9999770969152504 4.9999551475048065 7.4999606758356085 4.9999738335609427 5.4999376982450476 6.7499408423900595 8.4999543726444227 6.749981924891471 5.4999538511037809 6.4999819099903107 4.9999706894159317 4.9999556988477707 6.2499298453330994
leaf_count=24 20 29 26 24 33 20 32 30 35 31 24 23 22 32 29 23 37 20 28 22 20 21 23 26 33 27 27 24 27 29 25 20 25 33 24 23 21 30 24 36 32 23 20 31 23 22 38 27 21 33 36 20 28 25 28 21 21 20 20 37 32 21 21 30 23 21 28 20 35 33 20 20 30 20 22 27 34 27 22 26 20 20 25
internal_value=0 0.000597838 0.000744042 0.000807282 0.000923066 -0.00152274 0.000795723 -0.000871413 -0.000352192 0.000168287 0.0011505 0.000423365 -5.89932e-05 0.000572723 0.000353253 0.000224627 0.000748963 0.000864035 0.000636357 -0.00101591 -0.000979835 -0.00119814 0.000834369 1.96633e-05 0.000140222 0.000334655 0.000812264 0.000409299 -0.00111537 0.00127169 -0.000614069 0.00153698 0.000331425 -0.00128686 -0.000875933 0.00109477 4.27396e-05 0.000820602 0.00112389 0.000904813 0.00144069 0.00155251 0.00115888 2.39216e-05 0.000295599 0.000797686 0.000693595 0.00107371 0.000355132 -0.000525344 0.00152108 0.000729918 0.00122624 -0.00153342 -0.00164569 0.00168879 0.00151236 0.00119519 -0.00181235 -0.00168385 -0.00135938 0.00123253 0.00166134 0.00155404 0.00134668 0.000995842 -0.00171011 -0.00151992 -0.00193571 0.00184356 -0.00186588 0.00179901 -0.00191813 -0.00197333 -0.00199547 -0.00199573 -0.00199581 -0.00199635 -0.00199538 -0.00199654 -0.00199491 0.0019937 0.00199388
internal_weight=0 392.248 356.748 345.498 292.498 153.999 242.249 35.4998 21.2499 52.9998 93.4994 38.7499 17.5 148.749 66.2498 59.7498 82.4997 73.2497 46.9999 55.9998 13.7499 11.25 44.7498 48.9999 42.4999 34.2499 13.5 16.9999 50.9998 26.2498 13 50.2496 12 37.9999 14.25 27.7498 11.25 21.2499 13.7499 21.9999 48.7496 40.7496 10.7499 20.75 13.5 39.9999 34.4999 16.2499 18.25 14.25 18.9999 10.25 12.9999 23.7499 14.2499 32.7497 20.7498 9.99993 97.9995 47.9998 17.2499 10.4999 41.9997 31.7498 18.4999 10.9999 17.4999 10.4999 49.9997 13.2499 30.7498 10.2499 25.7499 44.9997 39.9998 18.2499 34.4998 15.2499 19.2499 11.5 10.4999 10.2499 11.9999
internal_count=2185 1569 1427 1382 1170 616 969 142 85 212 374 155 70 595 265 239 330 293 188 224 55 45 179 196 170 137 54 68 204 105 52 201 48 152 57 111 45 85 55 88 195 163 43 83 54 160 138 65 73 57 76 41 52 95 57 131 83 40 392 192 69 42 168 127 74 44 70 42 200 53 123 41 103 180 160 73 138 61 77 46 42 41 48
is_linear=0
shrinkage=0.001


Tree=5
num_leaves=82
num_cat=0
split_feature=1 10 1 7 5 1 3 4 6 1 2 2 9 8 5 6 8 7 7 10 10 4 7 2 5 7 9 10 3 1 2 6 6 9 4 8 4 10 1 10 7 1 9 8 4 1 5 9 9 5 8 1 6 6 8 6 3 4 6 3 10 6 5 7 4 9 1 8 8 3 2 5 4 5 8 8 4 8 8 1 2
split_gain=120.737 50.0941 40.796 21.8134 15.1899 13.818 12.3333 11.4582 12.3796 11.015 8.76589 8.71396 8.47821 7.8982 9.6931 8.74696 9.90309 7.78543 7.59517 7.16069 6.81495 6.56798 6.47567 6.36079 7.339 7.08933 6.09299 6.09075 8.93341 6.40639 6.2627 5.82888 5.80917 5.7703 5.82242 5.72852 5.15212 7.45063 5.06584 4.89631 4.65072 5.58153 5.04902 4.29914 4.28875 7.70514 4.27189 4.12882 6.28524 4.11671 4.05583 3.79838 3.75588 3.72627 3.69819 3.62661 3.49724 3.40478 4.10266 3.53773 3.36823 3.31287 3.28418 3.42457 3.19494 3.11396 3.78411 3.27096 3.65174 2.80384 2.78782 2.78114 2.76924 2.56629 2.2274 1.74513 1.1291 0.98416 0.476702 0.147218 9.17902e-06
threshold=170747.50000000003 -0.048387783563484298 15607.800000000001 0.61312100000000014 1235392.0000000002 94072.60000000002 0.14129064701960872 0.39463254967483813 0.78772400000000009 27107.350000000002 428248.00000000006 1609760.0000000002 0.51807200000000009 0.85666550000000008 1318464.0000000002 0.80694500000000013 0.74167300000000014 0.48891950000000006 0.54381500000000005 -0.47944579181409164 -0.58339389187444535 0.32633374501930762 0.61864950000000019 1541490.0000000002 1220736.0000000002 0.50104100000000007 0.52861300000000011 -0.53204532880408795 0.067240734116030404 100434.50000000001 741564.50000000012 0.86338450000000011 0.83117250000000009 0.61617800000000011 0.91136176416052106 0.76795550000000012 0.66344325250867575 -0.59712022916426921 71743.60000000002 0.40454515281557463 0.55296200000000006 249086.50000000003 0.58080550000000009 0.78175850000000013 0.51387167624451113 72587.050000000017 902400.00000000012 0.46674950000000009 0.57302900000000012 1344384.0000000002 0.72848100000000005 98858.85000000002 0.77968550000000014 0.87047050000000004 0.70081100000000018 0.83916850000000009 0.094730101021630125 0.43252861696420469 0.83117250000000009 0.17835045871787172 0.27180459363362458 0.89492550000000015 722528.00000000012 0.57357500000000006 0.39463254967483813 0.69054700000000013 51049.55000000001 0.75329650000000015 0.81952550000000013 0.20854546131841342 728937.00000000012 971008.00000000012 0.75617867203199263 819616.00000000012 0.74419800000000003 0.7989305000000001 0.51998766880880332 0.75425400000000009 0.75826100000000018 341475.50000000006 847255.50000000012
decision_type=2 2 2 2 2 2 2 2 2 2 2 2 2 2 2 2 2 2 2 2 2 2 2 2 2 2 2 2 2 2 2 2 2 2 2 2 2 2 2 2 2 2 2 2 2 2 2 2 2 2 2 2 2 2 2 2 2 2 2 2 2 2 2 2 2 2 2 2 2 2 2 2 2 2 2 2 2 2 2 2 2
left_child=1 2 78 6 22 9 12 8 -2 18 -7 39 17 14 15 60 -17 73 -3 74 26 32 -5 24 33 38 -6 28 -24 57 -31 51 -22 34 46 54 64 -38 -26 65 79 42 -42 -33 45 62 53 -23 -49 -25 -10 52 -14 -8 -30 72 -21 -29 -59 61 -12 -60 -41 -64 -27 66 77 76 -69 -55 -48 -62 -46 -4 -19 -50 -68 -11 -1 80 -9
right_child=7 5 3 4 20 10 23 40 50 11 13 -13 31 -15 -16 16 -18 19 -20 56 21 47 27 49 25 36 -28 29 35 30 -32 43 -34 -35 -36 -37 37 -39 -40 44 41 -43 -44 -45 55 -47 70 48 75 -51 -52 -53 -54 69 -56 -57 -58 58 59 -61 71 -63 63 -65 -66 -67 67 68 -70 -71 -72 -73 -74 -75 -76 -77 -78 -79 -80 -81 -82
leaf_value=-0.0019942834446334506 0.00022261209041625696 -0.00099927582715292253 0.00095501741897443117 0.0016288574244937265 -0.0014951590163197954 0.0010718269313728674 0.00037461287371923159 -0.0019942377474884729 -0.00059657676149760751 0.00035945888261482319 0.0001984087658012499 -0.00014373922464330194 -0.00036802596702126061 -0.00087521869641566568 0.0013568735118284073 -0.00017173769940164422 0.0014240471794082169 -0.00066435750822040843 0.00052339824760143014 -0.00039963336827885293 0.00015166403714130555 0.00093782825967956153 -0.0010453109334758791 0.00016608868141705321 -0.00039918049965304903 -9.5665286492330686e-05 -4.6497279176920489e-07 0.00019625810427075315 0.00018014276029013068 -0.00031654831135041024 0.0010443851945914776 -0.00092018003397113693 -0.0011985920680059386 0.00086929741161538511 -0.00099965154993195008 -0.00023661185484513957 -0.00061432851294921449 0.00076785346842205709 -0.0018056307272510683 0.00019663333023257947 -0.0014239409115826757 -0.0018880482653722474 -0.00028449781020251682 0.00024140315239062378 0.0012681717655425074 -0.0003255544434897146 0.0010739755185294486 -0.00066655144386113918 0.00099785679939255983 0.0013946933853059456 -0.0017446866996651961 -0.001841714560802769 -0.0013490823980311889 -1.2793615037185009e-07 0.0012453569431138071 0.0015729623526989905 0.0006645307184076567 0.0018259280808489888 7.1755800616236535e-05 0.0013620609760383758 -0.00020179911919094014 0.0010719938296915839 0.00070977899718108694 0.0017933608217583104 -0.0011638679706642634 0.0019912367801301761 0.0018838917965848547 0.00058448628931697733 0.0016302301621925603 -0.0010464728512248034 9.4222901823188914e-05 -0.0011712521883218416 0.00030404443955459168 -4.4701595783192086e-07 -0.0014751383424133162 0.00018156960935745693 0.0013268883933558622 0.00095115109437658696 -0.0015956585005501781 -0.0017931680837842015 -0.00199258131649659
leaf_weight=7.4999308586120588 8.9999382495880145 4.9999776631593695 5.7499797940254194 5.4999094456434241 5.9999538511037809 9.7499025464057905 7.9999532550573411 7.999912694096567 4.9999554455280286 5.4999528676271421 4.9999625682830837 6.9999690502881995 6.749966278672221 7.9999578148126593 6.2499621361494055 8.7499341666698438 6.9999370127916327 8.2499661147594434 9.4999418854713422 7.4999761283397692 6.4999773949384672 8.499953895807268 5.2499714940786388 5.9999716132879239 4.9999802410602552 5.2499696761369723 4.9999686181545258 4.999968707561492 5.4999660849571246 9.4999375343322736 5.2499610781669608 6.4999611526727659 6.2499758750200272 9.7499353885650617 4.9999811351299277 8.4999495744705182 6.4999641478061703 9.7499571442604047 5.2499622255563736 4.9999667257070604 8.74992184340954 9.4998833388090116 6.9999506622552863 6.2499722987413406 5.4999618828296679 7.7499465495347968 6.499947711825369 6.7499763071537044 4.9999805986881238 4.9999555796384811 7.999925971031189 6.4999548047780982 9.2499652802944166 4.9999710470437986 7.9999231845140457 9.499880373477934 5.2499774098396301 5.9999131560325649 6.7499706596136111 9.4998767524957639 4.9999716281890851 6.4999238699674606 6.9999449253082258 4.9999359250068665 5.9999697059392929 4.9999002665281287 9.2498443126678485 8.4999184012413007 5.4999327957630149 5.2499732822179794 5.2499646544456482 7.2499523460865021 6.4999597072601318 5.4999655932188034 5.749966323375701 5.4999692887067795 5.9999146014451972 5.7499390691518784 4.999964714050293 4.9999343901872626 5.749916285276413
leaf_count=30 36 20 23 22 24 39 32 32 20 22 20 28 27 32 25 35 28 33 38 30 26 34 21 24 20 21 20 20 22 38 21 26 25 39 20 34 26 39 21 20 35 38 28 25 22 31 26 27 20 20 32 26 37 20 32 38 21 24 27 38 20 26 28 20 24 20 37 34 22 21 21 29 26 22 23 22 24 23 20 20 23
internal_value=0 0.000174286 -6.5058e-05 9.30217e-06 0.000315098 0.000610098 -0.000230475 -0.0012682 -0.000678948 0.000812214 0.000208527 0.00093172 -0.000537737 3.03868e-05 0.000214969 -1.30089e-06 0.000537499 -0.000210067 -1.66235e-06 -0.000503606 -0.000121584 7.6749e-05 0.00058114 1.02424e-05 -8.49978e-05 -0.000409734 -0.000815752 0.000505069 0.000126771 0.000717617 0.000167851 -0.000890971 -0.000510226 0.000188942 -5.85603e-07 0.000406473 -0.000145164 0.000214981 -0.00111956 0.00101377 -0.00156283 -0.00128267 -0.000917521 -0.000350776 0.000784642 0.000500822 0.000165926 0.000367387 8.6301e-05 0.000724544 -0.00130311 -0.00119708 -0.0009352 -0.000136862 0.00081138 0.00111136 3.85516e-05 0.000957886 0.00109034 0.000896345 -0.000493248 0.000562437 0.000877553 0.00116127 -0.000665374 0.00124668 0.00115476 0.00134433 0.000995314 -0.000536061 0.000636213 -0.000775557 0.000745936 0.000487902 -0.000997356 0.000570278 0.00166474 0.000661879 -0.00183483 -0.00194011 -0.00199355
internal_weight=0 480.246 309.998 297.498 130.749 170.248 166.749 65.9993 21.9998 113.249 56.9996 98.749 73.2497 47.2497 39.2497 32.9998 15.7499 37.9998 14.4999 26.7499 49.4998 38.4998 81.2493 93.4995 82.4995 37.7498 10.9999 75.7494 27.2498 48.4996 14.7499 35.2498 12.75 44.7497 34.9998 21.9998 27.4999 16.2499 10.2499 91.749 43.9995 25.2498 15.7499 12.7499 46.2496 24.7498 29.9998 25.7499 17.2499 10.9999 12.9999 22.4999 15.9999 18.2499 13.4999 21.4998 12.75 33.7497 28.7497 22.7498 17.2499 13.2499 16.9998 11.9999 11.2499 45.4994 40.4995 29.2496 13.9999 10.2499 11.7499 12.2499 11.9999 11.2499 13.9999 10.4999 15.2498 11.2499 12.4999 18.7498 13.7498
internal_count=2185 1921 1240 1190 523 681 667 264 88 453 228 395 293 189 157 132 63 152 58 107 198 154 325 374 330 151 44 303 109 194 59 141 51 179 140 88 110 65 41 367 176 101 63 51 185 99 120 103 69 44 52 90 64 73 54 86 51 135 115 91 69 53 68 48 45 182 162 117 56 41 47 49 48 45 56 42 61 45 50 75 55
is_linear=0
shrinkage=0.001


Tree=6
num_leaves=82
num_cat=1
split_feature=0 11 1 0 0 10 5 0 0 10 2 10 9 5 9 3 10 1 10 5 10 0 0 10 8 2 8 3 1 1 1 1 0 10 9 8 2 0 5 1 10 8 5 1 1 8 5 5 5 6 6 2 2 8 0 0 3 5 5 5 9 3 2 6 2 5 5 10 8 3 1 1 1 1 10 9 9 8 6 1 10
split_gain=495.982 159.79 42.1651 24.1247 22.5442 15.3054 9.98494 7.86672 7.52018 7.11428 8.35368 6.04752 5.70814 5.63149 5.52218 5.39296 4.80251 4.72633 6.26569 4.37474 4.20414 4.98361 8.82557 5.15496 4.14817 5.81484 4.08018 4.06902 7.57777 6.36998 4.02474 3.74446 3.63552 3.60893 3.47359 5.82554 4.61445 3.23024 2.7873 2.73476 2.70572 2.6463 3.16182 2.50097 2.49336 2.44523 2.4417 2.38699 2.35311 3.559 3.60269 2.33787 2.19862 1.9754 1.66741 1.54975 2.83004 3.88156 1.12175 1.10383 1.0437 0.80501 0.63394 0.58234 0.430517 0.408731 0.376856 0.37144 0.17603 0.109742 6.3058e-05 4.59585e-05 3.37841e-05 2.37509e-05 2.29772e-05 1.07801e-05 1.04193e-05 1.01117e-05 9.93002e-06 3.93188e-06 3.53821e-06
threshold=2419.6750000000006 0 15607.800000000001 1808.7750000000003 3226.8700000000003 -0.032411816464323229 1153088.0000000002 499.02050000000003 950.87400000000014 -0.35232444626143578 863016.50000000012 -0.032411816464323229 0.42328350000000003 663904.00000000012 0.48090050000000006 0.27944661824222522 -0.36567286267460652 132422.00000000003 -0.36567286267460652 1302240.0000000002 -0.3727211998142303 761.57500000000016 1003.4300000000002 -0.47074333121550743 0.72218400000000005 733652.00000000012 0.77931800000000007 0.16327106478168027 49392.700000000004 94633.60000000002 44133.850000000013 110890.50000000001 499.02050000000003 2.7405771927183626 0.47914100000000009 0.73708650000000009 646790.50000000012 2123.8950000000004 1185024.0000000002 96949.800000000017 -0.11477807722320583 0.7825605000000001 1096736.0000000002 60635.200000000004 40009.700000000004 0.7989305000000001 1310368.0000000002 894464.00000000012 704000.00000000012 0.89492550000000015 0.80416150000000008 705056.00000000012 587107.50000000012 0.74603900000000012 959.74600000000021 4102.1750000000002 0.20482996959289837 1220736.0000000002 1348192.0000000002 828032.00000000012 0.63398650000000012 0.23614702316441497 443120.50000000006 0.88977750000000011 437837.00000000006 720160.00000000012 1252128.0000000002 1.0025709498094242 0.85911250000000006 0.17059138582402653 188906.00000000003 118336.00000000001 93066.150000000009 179362.50000000003 -0.57297953821498504 0.60537200000000013 0.52861300000000011 0.74899450000000012 0.83916850000000009 101266.50000000001 -0.20103813173410306
decision_type=2 9 2 2 2 2 2 2 2 2 2 2 2 2 2 2 2 2 2 2 2 2 2 2 2 2 2 2 2 2 2 2 2 2 2 2 2 2 2 2 2 2 2 2 2 2 2 2 2 2 2 2 2 2 2 2 2 2 2 2 2 2 2 2 2 2 2 2 2 2 2 2 2 2 2 2 2 2 2 2 2
left_child=1 63 16 5 13 6 17 9 30 10 53 34 -10 -2 -14 20 -3 18 27 41 21 -9 -23 46 -22 -26 -21 28 -4 43 32 38 -7 58 37 -36 -37 -5 -13 52 59 47 -43 44 -29 54 -24 -15 -16 50 -50 -49 -30 -8 -17 56 64 -58 60 69 61 67 -57 73 -6 -45 71 72 70 -20 74 78 77 -1 -64 76 79 -32 -66 -76 -75
right_child=4 2 3 11 55 8 7 15 12 -11 -12 31 14 19 48 45 -18 -19 40 26 24 22 23 -25 25 -27 -28 29 39 -31 33 -33 -34 -35 35 36 -38 -39 -40 -41 -42 42 -44 65 -46 -47 -48 51 49 -51 -52 -53 -54 -55 -56 62 57 -59 -60 -61 -62 -63 68 -65 66 -67 -68 -69 -70 -71 -72 -73 -74 80 75 -77 -78 -79 -80 -81 -82
leaf_value=-0.0019941813401862141 -1.824002748688028e-06 -0.0018114902047790074 -0.00030947192105713385 0.00087786171506910079 -0.0015949868828653991 0.001612156023374943 -0.00060002621062601254 0.00097140877914570639 0.0016693988605269751 -0.0007110556124551178 0.0012216530410418538 0.0013489918100080957 0.00010770832361991795 -0.0018865479416320353 0.0015314690590526223 0.0013943167835803049 -0.00047434416404010238 0.00030130441215390726 0.0019944809696414178 -7.4081621562423748e-05 0.0015677504523496893 -0.00095675782398507193 0.00036920335210588473 -0.00040120164703479338 0.0014255117967023568 6.2464389696899509e-05 -0.0011953785293369384 0.001593616020064836 0.0010560781232071927 0.00025743161625113239 0.0019897637641483256 6.6618631975249589e-05 0.00052715340667650989 0.00079469751960028264 -0.0010752895419067672 0.00066528565326138872 -0.00048367215995036197 -0.00020051304228722614 0.00043007583018499917 0.0014948428939399203 0.00099497559897689667 -0.00054281666252655012 -0.0014968748258570492 0.0015925772088070857 0.0005949385302555382 0.0018045733517848869 0.001227913433822265 -0.00072276189652582259 0.0010716082989337772 0.001513100587110878 0.00020630904363490993 -0.0015503100240157718 0.00031962938512843645 0.00025940923112598277 0.00060471418185792727 -0.0015953999416281723 -0.00091630180225832955 -0.0018675286561275553 0.0012651125772948674 0.0014218932897213043 0.0014509090863573703 0.0015116454209794775 -0.0019919058783586601 -0.0016300872691636045 -0.0019933577062542502 0.0019920798952434518 -0.0017269344556757752 0.0017259135364680485 -0.0017938326386790471 0.0017919106144329668 -0.001990061379595742 -0.0019911300736146684 0.0019935461134396619 -0.0019915958081823731 -0.0019944820959698511 -0.0019949036595471354 -0.0019923118230577366 0.0019915878103422676 -0.0019952322012921561 -0.0019933695197961103 -0.0019925697885714833
leaf_weight=7.2499322295188966 4.9999856054782859 5.4999340623617172 6.4999653846025494 6.2499730736017245 4.9999602288007763 5.2499313205480558 4.99998483061791 9.7499335855245572 9.2498921453952772 7.7499728500843039 7.7499363124370566 7.7499178349971789 8.9999389648437482 9.2499127238988894 6.4999058991670635 4.9999481141567212 5.2499799430370313 8.2499549090862256 5.7499428093433433 6.7499825209379178 6.9999599158763912 5.7499784529209164 6.7499647885560972 4.9999821782112148 5.249978154897688 7.7499710619449615 6.2499558627605438 4.9999388307333046 8.4999509155750328 5.749960169196128 7.7497907578945249 7.2499699890613547 7.4999154508113861 4.999951720237731 6.4999737590551403 6.7499770671129209 7.2499668896198273 4.9999818354845047 5.7499575465917587 5.9999373704195014 7.999911740422248 8.2499361187219602 5.9999603331089011 4.9999128282070142 4.9999445825815201 5.2499572336673728 6.4999707341194153 5.499958559870719 9.7499073892831856 6.2499124258756629 9.4999259859323484 8.9999189823865873 7.7499654889106742 5.7499795407056808 5.7499649524688721 4.999965474009513 9.2499639540910739 7.9998732060194007 5.499908134341239 8.749880909919737 9.2498104721307737 6.2498828172683707 7.7498644292354539 5.4999386370182028 4.9999418109655434 5.2499106824398041 7.4999064356088629 7.4998799562454215 4.9999399334192267 4.9999060928821564 6.7498286366462699 6.7498586922883979 4.9999377131462088 9.2498318552970904 6.7499437481165021 7.2499423027038565 5.4999137222766867 4.9999070763587952 6.4999559074640274 5.9999281615018845 6.2499106526374772
leaf_count=29 20 22 26 25 20 21 20 39 37 31 31 31 36 37 26 20 21 33 23 27 28 23 27 20 21 31 25 20 34 23 31 29 30 20 26 27 29 20 23 24 32 33 24 20 20 21 26 22 39 25 38 36 31 23 23 20 37 32 22 35 37 25 31 22 20 21 30 30 20 20 27 27 20 37 27 29 22 20 26 24 25
internal_value=0 0.00059706 0.000771378 0.000851944 -0.00152076 0.00096113 0.000784564 0.000559905 0.00124936 9.32784e-05 0.00043023 0.000226463 0.000959816 -0.00101461 0.000799728 0.000735518 -0.00115846 0.00102288 0.00109525 -0.0011139 0.000583808 0.000368516 0.000123591 0.000463975 0.000947114 0.000612926 -0.000613165 0.000899643 0.000640391 0.00118632 0.00147669 0.000646293 0.000973919 0.00160177 -4.79135e-05 -0.000292943 7.029e-05 0.000398584 0.000957601 0.00091788 0.0014847 -0.00128521 -0.000944526 0.00145008 0.00109428 0.00124517 0.000790458 -0.00148962 0.000994359 0.00085745 0.000644577 -0.00123641 0.000704848 -0.000140328 0.00097197 -0.00180999 -0.00168164 -0.00135745 0.00168903 0.00168561 0.00174624 0.00183297 -0.0019332 -0.00141958 -0.00186351 0.0017972 -0.00191565 0.0019125 -0.00197074 0.00190026 -0.00199285 -0.0019932 0.00199134 -0.00199269 -0.00199341 -0.00199387 -0.00199346 0.00199048 -0.00199442 -0.00199396 -0.00199199
internal_weight=0 392.246 363.997 353.247 153.998 300.747 186.499 95.9995 114.248 26.2499 18.4999 52.4997 50.2495 55.9996 40.9996 69.7496 10.7499 90.4991 82.2491 50.9996 53.7497 33.7498 23.9999 18.2499 19.9999 12.9999 12.9999 54.7495 28.7498 25.9997 63.9989 20.7498 12.7498 51.2491 31.7499 20.4999 13.9999 11.25 13.4999 22.2499 27.4996 37.9997 14.2499 20.2497 9.99988 15.9999 13.2499 23.7498 31.9997 25.4997 19.2498 14.4999 16.2499 10.75 10.7499 97.9988 47.9995 17.2498 46.2491 19.4997 40.7492 31.4994 49.9993 28.2496 30.7496 10.2498 25.7497 25.2495 44.9994 10.7498 39.9994 18.2498 17.7496 22.7497 33.2496 25.4997 18.2498 12.7497 11.4999 12.7499 15.4997
internal_count=2185 1569 1456 1413 616 1203 746 384 457 105 74 210 201 224 164 279 43 362 329 204 215 135 96 73 80 52 52 219 115 104 256 83 51 205 127 82 56 45 54 89 110 152 57 81 40 64 53 95 128 102 77 58 65 43 43 392 192 69 185 78 163 126 200 113 123 41 103 101 180 43 160 73 71 91 133 102 73 51 46 51 62
cat_boundaries=0 1
cat_threshold=8
is_linear=0
shrinkage=0.001


end of trees

feature_importances:
nuclues_dist=72
pre_skeletal_distance_to_soma=69
post_nucleus_x=69
post_oracle=58
fw_similarity=57
post_skeletal_distance_to_soma=53
adp_dist=44
pre_test_score=40
post_test_score=40
pre_oracle=35
me_similarity=26
compartment=4

parameters:
[boosting: gbdt]
[objective: binary]
[metric: binary_logloss]
[tree_learner: serial]
[device_type: cpu]
[data: ]
[valid: ]
[num_iterations: 2000]
[learning_rate: 0.001]
[num_leaves: 100]
[num_threads: -1]
[deterministic: 0]
[force_col_wise: 0]
[force_row_wise: 0]
[histogram_pool_size: -1]
[max_depth: 20]
[min_data_in_leaf: 20]
[min_sum_hessian_in_leaf: 0.001]
[bagging_fraction: 0.9]
[pos_bagging_fraction: 1]
[neg_bagging_fraction: 1]
[bagging_freq: 0]
[bagging_seed: 7615]
[feature_fraction: 0.8]
[feature_fraction_bynode: 1]
[feature_fraction_seed: 21677]
[extra_trees: 0]
[extra_seed: 32374]
[early_stopping_round: 10]
[first_metric_only: 0]
[max_delta_step: 0]
[lambda_l1: 0]
[lambda_l2: 0]
[linear_lambda: 0]
[min_gain_to_split: 0]
[drop_rate: 0.1]
[max_drop: 50]
[skip_drop: 0.5]
[xgboost_dart_mode: 0]
[uniform_drop: 0]
[drop_seed: 27260]
[top_rate: 0.2]
[other_rate: 0.1]
[min_data_per_group: 100]
[max_cat_threshold: 32]
[cat_l2: 10]
[cat_smooth: 10]
[max_cat_to_onehot: 4]
[top_k: 20]
[monotone_constraints: ]
[monotone_constraints_method: basic]
[monotone_penalty: 0]
[feature_contri: ]
[forcedsplits_filename: ]
[refit_decay_rate: 0.9]
[cegb_tradeoff: 1]
[cegb_penalty_split: 0]
[cegb_penalty_feature_lazy: ]
[cegb_penalty_feature_coupled: ]
[path_smooth: 0]
[interaction_constraints: ]
[verbosity: -1]
[saved_feature_importance_type: 0]
[linear_tree: 0]
[max_bin: 255]
[max_bin_by_feature: ]
[min_data_in_bin: 3]
[bin_construct_sample_cnt: 200000]
[data_random_seed: 1064]
[is_enable_sparse: 1]
[enable_bundle: 1]
[use_missing: 1]
[zero_as_missing: 0]
[feature_pre_filter: 1]
[pre_partition: 0]
[two_round: 0]
[header: 0]
[label_column: ]
[weight_column: ]
[group_column: ]
[ignore_column: ]
[categorical_feature: 11]
[forcedbins_filename: ]
[precise_float_parser: 0]
[objective_seed: 3599]
[num_class: 1]
[is_unbalance: 0]
[scale_pos_weight: 1]
[sigmoid: 1]
[boost_from_average: 1]
[reg_sqrt: 0]
[alpha: 0.9]
[fair_c: 1]
[poisson_max_delta_step: 0.7]
[tweedie_variance_power: 1.5]
[lambdarank_truncation_level: 30]
[lambdarank_norm: 1]
[label_gain: ]
[eval_at: ]
[multi_error_top_k: 1]
[auc_mu_weights: ]
[num_machines: 1]
[local_listen_port: 12400]
[time_out: 120]
[machine_list_filename: ]
[machines: ]
[gpu_platform_id: -1]
[gpu_device_id: -1]
[gpu_use_dp: 0]
[num_gpu: 1]

end of parameters

pandas_categorical:[["apical", "apical_shaft", "apical_tuft", "axon", "basal", "oblique", "soma"]]
