tree
version=v3
num_class=1
num_tree_per_iteration=1
label_index=0
max_feature_idx=11
objective=binary sigmoid:1
feature_names=adp_dist post_skeletal_distance_to_soma pre_skeletal_distance_to_soma fw_similarity me_similarity post_nucleus_x pre_oracle pre_test_score post_oracle post_test_score nuclues_dist compartment
feature_infos=[6.03165:4998.8999999999996] [0:1630400] [0:2329630] [-0.17523579361429603:0.62789165298547855] [-0.45127373625387102:0.99106548183094345] [477312:1451840] [0.61800699999999997:0.95232499999999998] [0.38578000000000001:0.87998600000000005] [0.60007900000000003:0.97772899999999996] [0.35020000000000001:0.88849800000000001] [-0.67001864676510847:6.877537726784654] -1:4:3:5:0:2:1
tree_sizes=7955 8949 9054

Tree=0
num_leaves=76
num_cat=0
split_feature=0 0 10 0 7 10 0 4 8 5 2 4 3 9 2 5 2 2 9 5 9 7 3 5 2 5 5 0 5 9 10 2 8 9 6 3 5 5 3 0 3 10 9 10 3 10 2 6 9 6 0 5 3 7 3 5 4 5 0 3 6 0 3 5 8 7 2 4 6 8 2 6 0 2 0
split_gain=500.349 40.5704 26.8415 24.6022 20.8892 11.094 8.83018 7.90892 8.61273 8.57676 16.8894 8.57324 8.01648 6.2611 6.06513 5.75305 5.55509 7.19242 5.39515 6.09447 5.52625 6.55271 5.83333 5.29587 7.0773 5.13676 5.64594 6.52282 6.61363 5.64706 4.92351 5.71769 7.71429 4.69339 4.27808 4.08309 4.61698 8.21223 3.74695 4.64537 3.70638 6.38609 6.29924 3.69667 3.59186 3.52696 3.5 3.44861 3.3823 2.94065 4.58824 5.55099 2.91212 2.87521 2.66874 2.60742 2.58462 2.57187 2.50733 2.14881 1.95842 1.91286 3.06667 3.64086 1.8383 1.69634 3.09298 1.48664 1.05 0.571429 0.4 0.329814 0.357143 0.179592 7.10543e-15
threshold=2395.9950000000003 1810.4650000000004 -0.048387783563484298 3223.9500000000003 0.74705100000000013 0.015531280154338101 954.03600000000017 0.74948500144346164 0.85306050000000011 1244480.0000000002 801647.50000000012 0.94468352092527963 0.23354412365694807 0.42168500000000003 1427880.0000000002 725056.00000000012 1635940.0000000002 1102840.0000000002 0.42168500000000003 764800.00000000012 0.48095750000000009 0.62455250000000018 0.14041466545385553 657568.00000000012 482369.00000000006 690176.00000000012 885952.00000000012 561.84900000000005 1218592.0000000002 0.54710850000000011 -0.57713267661404311 644163.50000000012 0.76674150000000008 0.50459850000000006 0.76449350000000005 0.043245426548928372 1143456.0000000002 859744.00000000012 0.20107297623788864 1156.0750000000003 0.090338154222424125 0.35357960511209691 0.47798300000000005 -0.56930752227187054 0.098510539026165106 -0.37072886682884049 622540.50000000012 0.84581450000000014 0.56174950000000001 0.83764050000000012 296.58150000000006 757984.00000000012 0.0066837069672043229 0.61704650000000016 0.1176672891570011 1204800.0000000002 0.85677700366786091 730656.00000000012 830.16200000000015 0.13142680615416394 0.95130800000000015 4073.3850000000007 0.20606057280241566 1224096.0000000002 0.74975300000000011 0.6933760000000001 822519.50000000012 0.81469015111160914 0.83764050000000012 0.68514450000000016 599388.50000000012 0.83172100000000004 3503.1250000000005 428248.00000000006 3809.8050000000007
decision_type=2 2 2 2 2 2 2 2 2 2 2 2 2 2 2 2 2 2 2 2 2 2 2 2 2 2 2 2 2 2 2 2 2 2 2 2 2 2 2 2 2 2 2 2 2 2 2 2 2 2 2 2 2 2 2 2 2 2 2 2 2 2 2 2 2 2 2 2 2 2 2 2 2 2 2
left_child=1 2 4 23 7 13 14 8 9 12 45 25 35 -3 49 -7 17 -12 -8 46 -21 22 -22 -2 68 -9 43 28 -28 -30 70 32 -32 -17 -29 -1 37 47 39 57 52 42 -42 -27 -36 -11 -20 -37 -44 50 -4 -52 -26 58 -53 -56 -46 -6 -10 -33 61 62 71 -64 -40 69 -67 -59 -25 -51 -15 72 -5 -63 -73
right_child=3 5 6 60 38 15 18 11 53 10 16 -13 -14 30 -16 33 -18 -19 19 20 21 -23 -24 24 40 26 27 34 29 -31 31 59 -34 -35 44 36 -38 -39 64 -41 41 -43 48 -45 56 -47 -48 -49 -50 65 51 54 -54 -55 55 -57 -58 67 -60 -61 -62 73 63 -65 -66 66 -68 -69 -70 -71 -72 74 -74 -75 -76
leaf_value=0.00058108316973860125 0.0009144165825448132 0.0013429881132956572 0.0029144170593820842 -0.0010855838942924571 0.0017292315916266638 0.0023144169163309028 0.0024015964242956049 0.0025665908894973422 0.00062870222871091726 -0.00060558377985151337 0.0016836475351745326 0.00065800626500157314 0.002429568458936686 -0.00048558375124127756 0.0014598712580458873 0.0016240941710999744 0.0023144169163309036 0.00038108312205487396 0.0026287027055481894 0.00056958891412459405 0.00062870222871091726 0.0021964681702610132 0.0019620358799357653 -0.0010855838942924589 0.00011441639180990429 0.0015810834081572372 0.0021871441587139853 0.0013144166779122672 0.00024774975693238918 0.0015810834081572372 0.00024774975693238961 0.00058108316973860114 0.0019620358799357649 0.00051441648717735875 0.0015144167255959943 0.00074774987614170739 0.00076057039201886921 0.0027405039744397134 0.0021144168686471764 0.0013354693145105547 0.00072086814930249674 0.0011752862099583703 -0.00093173770376651498 0.00045287801096698116 0.0029144170593820842 0.00047963387018888442 0.001628702467129553 0.0017379461906542782 3.9416373928506773e-05 0.0025144169640146283 0.0011544166397652856 0.0027605708688561402 -0.0009189171878893524 0.0011144166302285404 0.0024344169449411401 0.0015298013446485891 0.0021144168686471764 0.0021525121158250293 -0.00025225036227692849 -0.00021058368567615233 -0.00028558370355754985 -0.00088558384660873148 -3.2952064378104782e-05 -0.00095655160546424779 0.0029144170593820851 0.001714416773279722 0.0027605708688561411 0.0029144170593820846 -0.00048558375124127713 0.0029144170593820851 -8.5583655873822562e-05 -0.0010855838942924584 -0.0007522504814862467 -0.0010855838942924584 -0.0010855838942924584
leaf_weight=5.9999985694885245 4.9999988079071036 6.9999983310699454 6.4999984502792385 4.9999988079071072 6.7499983906745973 4.9999988079071072 9.749997675418852 5.7499986290931693 6.9999983310699481 6.2499985098838806 9.7499976754188591 9.749997675418852 8.2499980330467206 4.9999988079071027 8.2499980330467206 7.7499981522560102 4.9999988079071036 7.4999982118606559 6.9999983310699445 7.2499982714653042 8.7499979138374346 9.749997675418852 5.2499987483024588 6.9999983310699445 4.9999988079071027 5.2499987483024597 5.4999986886978176 6.2499985098838833 6.7499983906745893 5.9999985694885254 5.2499987483024615 5.9999985694885236 5.2499987483024597 7.4999982118606567 4.9999988079071072 5.9999985694885316 6.499998450279235 5.7499986290931693 4.9999988079071027 9.4999977350234968 7.7499981522560182 5.7499986290931693 6.4999984502792341 6.4999984502792341 7.4999982118606594 5.7499986290931684 6.9999983310699463 8.4999979734420759 7.9999980926513672 4.9999988079071107 6.2499985098838833 6.4999984502792385 5.9999985694885254 4.9999988079071036 6.2499985098838788 6.4999984502792358 8.7499979138374311 5.2499987483024579 5.9999985694885254 7.9999980926513672 4.9999988079071036 4.9999988079071036 9.4999977350235003 7.7499981522560111 6.7499983906745911 4.9999988079071027 6.4999984502792358 4.9999988079071045 4.9999988079071045 12.499997019767759 4.9999988079071045 9.2499977946281415 8.9999978542327863 43.99998950958252 5.4999986886978141
leaf_count=24 20 28 26 20 27 20 39 23 28 25 39 39 33 20 33 31 20 30 28 29 35 39 21 28 20 21 22 25 27 24 21 24 21 30 20 24 26 23 20 38 31 23 26 26 30 23 28 34 32 20 25 26 24 20 25 26 35 21 24 32 20 20 38 31 27 20 26 20 20 50 20 37 36 176 22
internal_value=0.000915332 0.00152044 0.00166023 -0.000598404 0.00143764 0.000776765 0.00202732 0.00128434 0.00109136 0.00124 0.000870621 0.00153086 0.00154856 0.000480682 0.0022646 0.00138355 0.00138633 0.00111732 0.0017272 0.00158108 0.00133377 0.00156705 0.0011287 -6.77265e-05 -0.000164015 0.0016654 0.00157529 0.00173409 0.00127058 0.000875201 0.000305721 0.00054707 0.00110489 0.00107835 0.00204169 0.00132663 0.00149386 0.00172923 0.00210396 0.00189555 4.26215e-05 0.000235845 -6.93195e-06 0.00095697 0.00225559 -8.55837e-05 0.0021287 0.00132821 -0.000395929 0.00237343 0.00216442 0.00197324 -0.00044922 0.000469972 0.00223909 0.00197324 0.00248365 0.00220853 0.000222109 0.000128702 -0.000895584 -0.000927689 -0.000781236 -0.000447903 0.00257399 0.00260407 0.00230572 0.00252417 -0.000835584 0.00280013 -0.000285584 -0.000981236 -0.000871298 -0.00106518 -0.00108558
internal_weight=0 390.25 328.5 156 204.5 61.75 124 166.25 93.25 75.25 34.25 73 41 41.5 69.25 20.25 22.25 17.25 54.75 45 31 23.75 14 56 51 63.25 57.5 45.75 18.25 12.75 34.5 24.5 10.5 15.25 27.5 32.75 26.75 20.25 38.25 26.5 39 28 22.25 11.75 21.25 12 14 14.5 14.5 61 32 25.5 11 18 19.25 12.75 16.25 17 13 14 100 95 46 17.25 11.75 29 11.5 10.25 12 17.5 10 28.75 14 49 14.75
internal_count=2185 1561 1314 624 818 247 496 665 373 301 137 292 164 166 277 81 89 69 219 180 124 95 56 224 204 253 230 183 73 51 138 98 42 61 110 131 107 81 153 106 156 112 89 47 85 48 56 58 58 244 128 102 44 72 77 51 65 68 52 56 400 380 184 69 47 116 46 41 48 70 40 115 56 196 59
is_linear=0
shrinkage=1


Tree=1
num_leaves=84
num_cat=1
split_feature=11 1 10 7 1 7 7 2 5 3 2 1 10 2 3 5 5 6 10 1 6 8 8 10 10 8 5 2 8 7 7 10 7 3 2 10 10 7 6 2 2 2 1 1 2 8 8 7 8 10 9 8 1 5 3 5 2 10 8 8 5 10 3 10 2 8 9 10 6 6 7 3 9 2 9 6 5 2 8 8 3 5 10
split_gain=215.979 54.5879 39.8333 20.0675 14.4793 13.9206 12.8151 11.826 10.5317 10.497 10.0179 8.70853 8.62173 7.13983 6.80619 8.22364 8.54379 6.6889 6.13493 7.08904 5.59297 5.50637 7.34139 6.3695 5.40231 5.14357 5.11091 6.63358 4.90292 4.62436 5.15407 13.2593 4.23501 4.25356 5.38917 4.22119 4.84741 5.42925 4.59736 4.89289 4.13677 7.75635 4.04463 3.92926 5.94575 4.16345 3.87205 3.83779 3.67961 3.5782 6.41586 4.29634 3.42075 3.35721 2.8295 4.36325 3.17307 2.80159 2.77348 2.58549 3.59885 2.42568 2.42186 2.37344 2.32671 2.81871 2.82021 2.2941 1.97224 1.95473 1.87766 1.6335 1.43795 0.72839 0.585842 0.481753 4.44541e-06 3.19087e-06 2.69555e-06 9.28063e-07 8.80971e-07 8.20953e-07 4.42165e-07
threshold=0 15396.950000000003 -0.048387783563484298 0.61312100000000014 93909.650000000009 0.61704650000000016 0.74794850000000013 1758605.0000000002 1279712.0000000002 0.14116282647206974 1609520.0000000002 168195.50000000003 -0.52978016181878895 537367.50000000012 0.018637071016333041 961152.00000000012 1085408.0000000002 0.84703850000000014 0.41352923096091332 33406.750000000007 0.94914350000000014 0.80959650000000016 0.76489050000000003 -0.28748318202178352 -0.35465790018599463 0.80822000000000005 819616.00000000012 428248.00000000006 0.6469195000000002 0.41098600000000007 0.47309050000000002 -0.45514428311882671 0.55166250000000006 0.21567146879172031 638741.00000000012 -0.30231366453561542 -0.63181568821510725 0.52737350000000005 0.83916850000000009 936321.50000000012 546449.00000000012 827063.50000000012 97345.000000000015 100211.50000000001 765878.50000000012 0.75774200000000014 0.7112940000000002 0.66846250000000007 0.78199600000000014 0.9660284262226585 0.60823400000000005 0.76340100000000011 74047.200000000012 1312704.0000000002 0.21567146879172031 1140672.0000000002 658848.00000000012 -0.42458538154589903 0.73708650000000009 0.79247600000000007 1233600.0000000002 -0.45124716998716313 0.26395437432135893 0.52912360481024689 1003345.0000000001 0.66502100000000008 0.49543900000000002 0.26198503231358261 0.95130800000000015 0.83916850000000009 0.70387600000000006 0.13039833809903503 0.62101550000000005 456616.00000000006 0.51165500000000008 0.9111760000000001 1267616.0000000002 644163.50000000012 0.69714750000000014 0.74012050000000007 0.10275295318998216 1025088.0000000001 -0.46692045428802309
decision_type=9 2 2 2 2 2 2 2 2 2 2 2 2 2 2 2 2 2 2 2 2 2 2 2 2 2 2 2 2 2 2 2 2 2 2 2 2 2 2 2 2 2 2 2 2 2 2 2 2 2 2 2 2 2 2 2 2 2 2 2 2 2 2 2 2 2 2 2 2 2 2 2 2 2 2 2 2 2 2 2 2 2 2
left_child=75 61 3 7 10 -5 14 9 12 20 18 29 13 -7 -6 26 -17 47 19 -4 21 22 23 40 68 46 27 -16 -20 -11 31 -31 35 34 -34 36 -32 38 39 -38 73 -42 -37 54 45 -45 -15 -10 57 51 69 -30 -35 59 56 -56 -14 -49 -19 60 -18 -2 64 -29 65 -21 -67 -68 -22 71 -58 -51 -23 -3 -66 76 77 79 -79 -1 -78 -80 -82
right_child=1 2 4 5 6 8 -8 -9 17 11 -12 -13 43 25 15 16 53 58 28 62 24 72 -24 -25 -26 -27 -28 63 49 30 32 -33 33 52 -36 42 37 -39 -40 -41 41 -43 -44 44 -46 -47 -48 48 -50 50 -52 -53 -54 -55 55 -57 70 -59 -60 -61 -62 -63 -64 -65 74 66 67 -69 -70 -71 -72 -73 -74 -75 -76 -77 80 78 81 -81 82 -83 -84
leaf_value=-0.0019994788109184429 -0.0020002154112362474 -0.00066703617773122652 0.00023863342561237475 0.0019980203248433585 -0.00090967301879855674 -0.00070641537923014203 0.001498150483359508 0.0010652904015346987 -0.0005191950284194845 0.00095524371151564647 -0.00019440163573241091 -0.001238035177954278 0.00066563057229239626 0.00018100815821658721 0.0011979602435524138 -0.0011670113012864625 0.00079881630330023111 -0.0012731194044609171 -0.00020092443342748618 0.0017978141535663148 -6.9451363515793448e-07 -0.0015383090739866207 0.00035238579550174811 -0.0015555919585476892 0.00078169019700048985 -0.0003707804673885264 0.0013528991734657755 0.00033186885262643075 0.00084026997854674205 -0.0017999862468204113 -0.00036430365707021856 0.00047541249105617612 0.00099876909470732319 -0.0011672024923233726 -0.00037098621083609269 -0.00085765711413255319 0.00059880119465685578 0.0013133002976981 0.00090776911010709673 -0.00080018301134413483 0.00066566917867131052 -0.00088032762156150526 0.00039905771204383245 -0.0008000461626234452 0.0010756456157783119 0.00047499476606945246 0.001149863008601178 0.0003020809586849348 -0.00018220540788624828 0.00079857974562924454 0.00033213377244239003 -0.00028693753210422182 -8.7832514898480727e-05 0.00070885880604725936 0.00096979618702575739 -0.00020123313033924614 0.0018317402545685846 0.0012365447426724002 -0.00030825755177225596 -0.00066770472287142676 -0.00040099192692636803 -0.0012229781632230919 0.0019977997240929798 -0.00060100966579054824 0.0018498471921596454 0.00039894109841705834 0.0014854418643287241 0.00066552521605607053 -0.00085758005365236547 0.0017398004253420167 0.0011095406745619664 0.0014986152503287066 -0.00090940618523784218 -0.0012003458084067227 0.0013982278891870232 -0.0017242835380695298 -0.0019999405026285121 -0.001999854981839618 -0.0020004883043674058 -0.0020000217627114693 -0.0019993056723714292 -0.0020010132470782058 -0.0019996521472021825
leaf_weight=4.9999989718198803 7.2499983161687878 5.2499984204769152 6.2499943077564231 4.9999943226575843 5.4999962002038947 8.4999951124191302 7.9999904483556739 7.4999929070472708 6.7499971091747311 5.7499952912330619 7.749995306134223 5.2499987781047812 9.7499944567680377 8.2499957233667427 6.2499922364950242 5.9999973922967937 4.999996170401575 5.4999976903200132 4.9999970048665991 4.999993488192561 5.4999975115060824 6.4999988973140708 8.4999976903200132 6.7499986588954952 5.7499966174364081 6.7499963939189902 7.7499902695417395 5.9999950528144819 9.4999890178441984 4.9999985992908478 5.499998152256004 5.2499970197677595 4.9999966174364108 5.9999979585409147 6.7499977350234985 5.2499971538782173 4.999995976686483 8.749995678663252 8.2499929666519147 4.999998614192009 6.7499960362911207 6.2499980628490448 4.9999972879886627 4.9999980330467242 6.4999949336051932 5.2499958723783493 8.2499911338090879 8.2499944120645523 8.2499969750642759 7.4999933838844353 8.9999935626983625 5.2499959468841544 5.7499968260526657 7.7499963343143454 8.7499904781579954 4.9999966025352469 5.9999946653842917 5.2499956488609323 6.4999978840351105 5.2499967962503424 4.9999963045120239 8.9999941140413267 5.499992609024047 4.9999967366456985 6.7499918192625028 6.2499955743551281 9.7499892711639387 5.2499960958957663 5.249998927116394 7.7499894350767127 8.999992370605467 5.999996080994606 8.2499977052211744 4.9999979883432388 4.9999939650297165 7.2499977052211753 4.9999987334013012 4.9999979436397579 6.4999974370002729 8.4999985098838788 8.4999983608722687 5.4999965876340866 6.4999983012676212
leaf_count=20 29 21 25 20 22 34 32 30 27 23 31 21 39 33 25 24 20 22 20 20 22 26 34 27 23 27 31 24 38 20 22 21 20 24 27 21 20 35 33 20 27 25 20 20 26 21 33 33 33 30 36 21 23 31 35 20 24 21 26 21 20 36 22 20 27 25 39 21 21 31 36 24 33 20 20 29 20 20 26 34 34 22 26
internal_value=0 0.00022768 0.00029435 7.15086e-05 0.000672861 0.000361237 0.000309861 -0.000161505 0.000297049 -0.000220016 0.000900791 1.06612e-05 0.000493142 7.78704e-05 0.000150091 0.00025803 -0.000104301 -0.000124187 0.000985882 0.0012345 -0.000509397 -0.000667024 -0.000467985 -0.000700423 -6.908e-07 0.000364599 0.000678335 0.00037527 0.000738504 9.03653e-05 2.53581e-05 -0.000634538 0.000127455 -0.000213556 0.000211888 0.000314912 0.000491381 0.000665687 0.000355188 -0.000100691 -0.000452148 -7.75986e-05 -0.000244625 0.000731782 0.000327474 -0.000146977 0.000665435 0.000139518 0.000343946 0.000842885 0.00103979 0.00043906 -0.000639 0.000172927 0.000907682 0.000543967 0.00110975 0.000665484 -0.000750486 -9.94314e-05 0.000198912 -0.00156975 0.00137759 -9.21669e-05 0.00128782 0.00112227 0.000963315 0.00119847 -0.000419174 0.00133951 0.00139842 0.00110971 -0.00118655 -0.000927187 0.00165767 -0.00167525 -0.00199994 -0.00200018 -0.00200047 -0.00199982 -0.00199958 -0.00200073 -0.00199946
internal_weight=0 488.5 472.25 297.25 175 132.5 67.4999 164.75 127.5 157.25 107.5 87.5 86.9999 31.75 59.5 54 29 40.5 99.7499 49.7499 69.75 53.25 38.5 30 16.5 23.25 25 17.25 50 82.25 76.5 10.25 66.25 23.5 11.75 42.75 32.5 27 18.25 9.99999 23.25 13 10.25 55.25 16.75 10.25 16.5 28.5 21.75 45 30.25 14.75 11.75 23 38.5 13.75 24.75 13.5 12 15.25 9.99999 16.25 43.5 11 38 26.25 21.25 15 10.75 21.25 15 13.5 14.75 10.25 11.75 57.75 50.5 30.5 17 13.5 20 12 15
internal_count=2185 1954 1889 1189 700 530 270 659 510 629 430 350 348 127 238 216 116 162 399 199 279 213 154 120 66 93 100 69 200 329 306 41 265 94 47 171 130 108 73 40 93 52 41 221 67 41 66 114 87 180 121 59 47 92 154 55 99 54 48 61 40 65 174 44 152 105 85 60 43 85 60 54 59 41 47 231 202 122 68 54 80 48 60
cat_boundaries=0 1
cat_threshold=8
is_linear=0
shrinkage=0.001


Tree=2
num_leaves=85
num_cat=1
split_feature=0 11 10 0 0 7 0 7 7 4 2 2 2 7 10 5 2 0 4 6 8 10 4 3 7 3 10 2 3 4 6 7 3 7 8 8 3 3 7 4 3 8 5 6 2 3 2 2 10 0 3 10 6 0 3 5 6 5 5 0 3 0 10 7 2 7 8 6 8 6 0 2 5 0 6 3 2 5 2 7 0 0 6 0
split_gain=499.014 154.224 28.584 24.5431 24.2624 21.2287 10.981 8.05452 11.0655 10.5375 9.21141 7.67428 6.10239 5.28419 5.04549 4.90349 6.99764 6.30784 10.1299 9.83126 6.01904 5.89193 4.61699 5.09865 6.62695 4.60906 5.777 4.56907 7.49071 6.61424 4.54613 4.28505 3.68383 5.25637 3.70006 4.75207 3.40266 4.02808 7.5337 5.42691 4.59408 3.19361 3.13184 2.83507 2.27568 2.27478 2.21858 2.59745 3.22775 2.1997 2.16067 2.02169 1.95289 1.90821 3.05676 3.62626 1.80078 1.79451 1.77996 1.7162 1.62378 1.55717 1.50616 1.3457 1.19192 1.06979 1.02758 0.651943 0.49207 0.329535 0.355312 0.178825 0.12869 2.77306e-06 2.42535e-06 1.97634e-06 1.84713e-06 1.42584e-06 1.49685e-06 1.34944e-06 1.158e-06 1.06195e-06 6.35446e-07 4.95893e-07
threshold=2395.9950000000003 0 -0.048387783563484298 3223.9500000000003 1772.5300000000002 0.74705100000000013 954.03600000000017 0.6933760000000001 0.61312100000000014 0.26809298277850246 1745055.0000000002 778078.50000000012 1427880.0000000002 0.67910900000000007 -0.60666310462667339 1218592.0000000002 456616.00000000006 660.37300000000016 0.72214463759760816 0.73376800000000009 0.86011050000000011 -0.32152199092270922 0.66868768830182279 0.064515803484335874 0.60165700000000022 0.110695427037139 0.35357960511209691 816947.00000000012 0.10714866968256308 0.70953463470513778 0.86006600000000011 0.52382150000000005 0.1767604988619855 0.59256600000000015 0.81409000000000009 0.73655900000000007 0.093910730912136933 0.22195115926731118 0.6933760000000001 0.17490624757384035 0.14241013866506261 0.73817200000000016 859744.00000000012 0.83980200000000005 631627.50000000012 0.26789873217349042 374455.00000000006 969675.00000000012 0.41352923096091332 2872.2800000000002 0.096172825676359014 -0.38163415921758786 0.95130800000000015 4073.3850000000007 0.20606057280241566 1224096.0000000002 0.82802300000000006 859744.00000000012 1204800.0000000002 984.08150000000012 0.24692098828906825 509.5605000000001 -0.57109181775183682 0.48891950000000006 453858.50000000006 0.58793400000000007 0.70431800000000011 0.89042750000000015 0.74899450000000012 0.83172100000000004 3503.1250000000005 428248.00000000006 867264.00000000012 1772.5300000000002 0.84581450000000014 0.044197812936344449 751231.00000000012 1253216.0000000002 1085400.0000000002 0.65948400000000007 4291.8050000000012 4471.6900000000014 0.83980200000000005 4501.4150000000009
decision_type=2 9 2 2 2 2 2 2 2 2 2 2 2 2 2 2 2 2 2 2 2 2 2 2 2 2 2 2 2 2 2 2 2 2 2 2 2 2 2 2 2 2 2 2 2 2 2 2 2 2 2 2 2 2 2 2 2 2 2 2 2 2 2 2 2 2 2 2 2 2 2 2 2 2 2 2 2 2 2 2 2 2 2 2
left_child=1 67 4 13 5 7 12 8 10 -10 15 -9 46 25 -7 20 -17 19 21 -18 27 -19 23 24 -8 63 41 28 31 -29 -21 -3 34 -34 35 -6 -25 38 39 -38 -41 -27 64 -11 -15 -39 -4 48 60 -43 59 -13 53 54 69 -56 -24 -50 74 -16 65 -45 -63 -2 -30 -48 -52 73 -64 70 -5 -55 -68 76 -49 -73 -1 80 83 -71 -77 -82 -83 -79
right_child=3 2 6 52 32 14 22 11 9 43 -12 51 -14 44 50 16 17 18 -20 30 -22 -23 56 36 -26 26 -28 29 42 -31 -32 -33 33 -35 -36 -37 37 45 -40 40 -42 49 -44 61 -46 -47 47 58 57 -51 66 -53 -54 71 55 -57 -58 -59 -60 -61 -62 62 68 -65 -66 -67 72 -69 -70 79 -72 75 -74 -75 -76 77 -78 78 -80 -81 81 82 -84 -85
leaf_value=-0.001998675723720103 -0.001237212711027466 0.00099867077985852249 0.0019966132315740429 -0.0019978429645209849 -0.00080010753635458888 0.00061296322072379038 -0.00061006663640942628 -0.00070351630454877276 -0.00020123788873990729 0.00072602120961823345 0.0017966509150409221 0.00015225945727274706 0.000623199608485012 -0.00099942341105378556 0.0016162765733306879 -0.00090928636215943626 0.0009992290611991726 -0.00060849329980951965 0.001597998664679196 -0.0013044717686480258 -0.00018250266623940826 0.00085675618828779288 0.00099794003600457747 0.0015534554789843648 0.00087749114229126806 -0.00073666278382400246 -8.0952042068460633e-05 0.0010463939503576765 0.00059789285290591835 -0.00046272197710317656 -6.8510212932258298e-07 -0.00022273469830568721 0.00074901348589275169 -0.00046165545069171046 -0.0011997271322480285 0.00028465247570644205 0.0014418529135623226 0.0017971588903186754 -0.00043702718599449746 -0.00028697934445922138 0.00096028576927536993 -0.001142256595321947 0.0017621882635128672 0.0010452030176932223 -0.00016207204406295115 0.00085468982934867844 0.0015968825979301331 0.0019969517808134268 0.00039787753613236147 -0.0019985480521586326 0.00139747171897532 0.00099805386690809787 -0.0011993990609934634 -0.0017987083206167985 -0.000947409369127053 -0.001869156118574736 0.0016543709865438115 0.0012349643454865479 0.0013905041153702208 0.00079765894887452596 0.0019960021008398948 0.0011977339337672734 0.0015974659541837528 -0.0018811388023370866 0.0012241362726444402 0.0010366992696551739 0.0019970564043785802 -0.0015991814347861687 0.0019973699541551166 -0.0019979947781789058 -0.0016653649493972673 -0.001998801850509868 0.0017969636350353164 -0.001998285304434428 0.0019960429198188738 -0.0019979530057043552 -0.0019993779465443339 -0.0019979547236164425 -0.0019984021529408703 -0.001998599802348856 -0.0019988426127148127 -0.0019985103507068774 -0.0019980400003122094 -0.0019975093501516943
leaf_weight=7.2499954253435188 5.2499958723783484 4.9999969899654371 9.4999704062938672 4.9999930709600475 7.4999973028898301 6.4999884963035575 5.749995753169058 9.2499939203262347 4.9999959617853156 5.4999960511922863 4.9999856054782859 6.4999922811985016 7.9999920576810828 4.9999962300062171 5.2499885410070437 5.4999977797269812 4.999997377395629 5.7499966919422132 7.4999892115592948 5.7499974817037565 8.2499946504831296 5.2499980479478872 7.9999873489141491 6.7499893605709067 6.2499876916408539 9.499993517994886 6.2499945908784857 5.2499958723783475 4.9999926537275332 6.4999956041574478 4.9999972134828568 6.7499966621398926 7.9999927729368192 6.4999973028898239 4.9999986737966529 8.749994218349455 8.9999819993972832 4.999988377094267 5.7499901652336112 5.2499964982271177 6.7499860674142838 6.9999961704015714 8.499983608722685 5.2499885857105282 9.2499942481517774 5.2499898970127106 7.4999797493219429 5.9999845474958438 4.9999923110008222 5.2499949336051941 4.9999909400939968 4.9999930709600431 4.9999982565641394 4.99999676644802 9.4999968260526675 7.7499913573265067 8.7499795854091627 5.2499862313270569 8.2499727755784971 4.999992311000824 5.2499777376651755 4.999991759657866 4.9999889433383888 8.4999937862157804 7.7499913275241852 6.2499811798334122 8.9999786168336851 4.9999980330467215 7.9999823719263077 7.2499914616346341 8.9999934583902341 6.2499960213899604 4.99998715519905 7.2499937564134589 5.749976858496666 5.4999924302101162 7.7499980628490448 4.9999936372041685 4.9999952912330619 7.4999941140413284 5.4999973922967937 6.7499946504831296 4.9999942034482956 4.9999915659427643
leaf_count=29 21 20 38 20 30 26 23 37 20 22 20 26 32 20 21 22 20 23 30 23 33 21 32 27 25 38 25 21 20 26 20 27 32 26 20 35 36 20 23 21 27 28 34 21 37 21 30 24 20 21 20 20 20 20 38 31 35 21 33 20 21 20 20 34 31 25 36 20 32 29 36 25 20 29 23 22 31 20 20 30 22 27 20 20
internal_value=0 0.000604299 0.000772913 -0.00151171 0.000572833 0.00071643 0.00114991 0.000553597 0.000644963 0.00113864 0.000474512 -2.54253e-05 0.00144258 -0.000981674 0.00140989 0.000403237 0.000137737 0.000305872 0.000701844 -0.000159238 0.000602363 9.08304e-05 0.000880462 0.000742138 0.000164703 -0.00116114 -0.000928301 0.000747059 0.000937727 0.000211564 -0.000698059 0.000297012 -0.000182305 0.0002063 -0.00044747 -0.000216006 0.000900521 0.000781404 0.000577161 0.000854855 0.000414607 -0.00117179 0.00129201 0.00137167 -0.00045588 0.00131443 0.00155415 0.0014688 0.0012789 -0.00150924 0.00158699 0.000519996 -0.00180854 -0.0018406 -0.00169432 -0.00136153 0.00134085 0.000826629 0.00174653 0.00121695 0.00152289 0.0015244 0.00166416 -0.00163528 0.000978551 0.00134225 0.00178661 -0.00140856 0.00184356 -0.001894 -0.00178411 -0.00197792 0.00192559 -0.00199879 0.00199651 -0.00199828 -0.00199904 -0.00199819 -0.00199796 -0.0019983 -0.00199835 -0.00199848 -0.00199831 -0.00199773
internal_weight=0 390.249 362.999 156 223.75 188 139.25 152.25 131.5 33.7499 97.7499 20.75 66.7498 56 35.7499 92.7499 39.75 34.25 18.5 15.75 52.9999 11 72.4999 55.7499 12 41.75 28 44.75 33 11.75 10.75 11.75 35.75 14.5 21.25 16.25 43.7499 36.9999 26.75 21 12 21.75 21.25 28.7499 14.25 10.25 58.7498 49.2499 29.2499 12.25 29.2499 11.5 99.9999 94.9999 46 17.25 16.75 10.25 19.9999 10.25 18.9999 23.25 18 13.75 12.75 13.75 19 27.25 13 28.75 14 49 14 22.25 11.75 44 15 37.75 15 14.75 22.75 17.25 11.75 9.99999
internal_count=2185 1561 1452 624 895 752 557 609 526 135 391 83 267 224 143 371 159 137 74 63 212 44 290 223 48 167 112 179 132 47 43 47 143 58 85 65 175 148 107 84 48 87 85 115 57 41 235 197 117 49 117 46 400 380 184 69 67 41 80 41 76 93 72 55 51 55 76 109 52 115 56 196 56 89 47 176 60 151 60 59 91 69 47 40
cat_boundaries=0 1
cat_threshold=8
is_linear=0
shrinkage=0.001


end of trees

feature_importances:
pre_skeletal_distance_to_soma=35
fw_similarity=29
post_nucleus_x=29
nuclues_dist=27
adp_dist=25
pre_test_score=24
post_oracle=23
pre_oracle=21
post_test_score=11
me_similarity=9
post_skeletal_distance_to_soma=7
compartment=2

parameters:
[boosting: gbdt]
[objective: binary]
[metric: binary_logloss]
[tree_learner: serial]
[device_type: cpu]
[data: ]
[valid: ]
[num_iterations: 2000]
[learning_rate: 0.001]
[num_leaves: 100]
[num_threads: -1]
[deterministic: 0]
[force_col_wise: 0]
[force_row_wise: 0]
[histogram_pool_size: -1]
[max_depth: 20]
[min_data_in_leaf: 20]
[min_sum_hessian_in_leaf: 0.001]
[bagging_fraction: 0.9]
[pos_bagging_fraction: 1]
[neg_bagging_fraction: 1]
[bagging_freq: 0]
[bagging_seed: 7615]
[feature_fraction: 0.8]
[feature_fraction_bynode: 1]
[feature_fraction_seed: 21677]
[extra_trees: 0]
[extra_seed: 32374]
[early_stopping_round: 10]
[first_metric_only: 0]
[max_delta_step: 0]
[lambda_l1: 0]
[lambda_l2: 0]
[linear_lambda: 0]
[min_gain_to_split: 0]
[drop_rate: 0.1]
[max_drop: 50]
[skip_drop: 0.5]
[xgboost_dart_mode: 0]
[uniform_drop: 0]
[drop_seed: 27260]
[top_rate: 0.2]
[other_rate: 0.1]
[min_data_per_group: 100]
[max_cat_threshold: 32]
[cat_l2: 10]
[cat_smooth: 10]
[max_cat_to_onehot: 4]
[top_k: 20]
[monotone_constraints: ]
[monotone_constraints_method: basic]
[monotone_penalty: 0]
[feature_contri: ]
[forcedsplits_filename: ]
[refit_decay_rate: 0.9]
[cegb_tradeoff: 1]
[cegb_penalty_split: 0]
[cegb_penalty_feature_lazy: ]
[cegb_penalty_feature_coupled: ]
[path_smooth: 0]
[interaction_constraints: ]
[verbosity: -1]
[saved_feature_importance_type: 0]
[linear_tree: 0]
[max_bin: 255]
[max_bin_by_feature: ]
[min_data_in_bin: 3]
[bin_construct_sample_cnt: 200000]
[data_random_seed: 1064]
[is_enable_sparse: 1]
[enable_bundle: 1]
[use_missing: 1]
[zero_as_missing: 0]
[feature_pre_filter: 1]
[pre_partition: 0]
[two_round: 0]
[header: 0]
[label_column: ]
[weight_column: ]
[group_column: ]
[ignore_column: ]
[categorical_feature: 11]
[forcedbins_filename: ]
[precise_float_parser: 0]
[objective_seed: 3599]
[num_class: 1]
[is_unbalance: 0]
[scale_pos_weight: 1]
[sigmoid: 1]
[boost_from_average: 1]
[reg_sqrt: 0]
[alpha: 0.9]
[fair_c: 1]
[poisson_max_delta_step: 0.7]
[tweedie_variance_power: 1.5]
[lambdarank_truncation_level: 30]
[lambdarank_norm: 1]
[label_gain: ]
[eval_at: ]
[multi_error_top_k: 1]
[auc_mu_weights: ]
[num_machines: 1]
[local_listen_port: 12400]
[time_out: 120]
[machine_list_filename: ]
[machines: ]
[gpu_platform_id: -1]
[gpu_device_id: -1]
[gpu_use_dp: 0]
[num_gpu: 1]

end of parameters

pandas_categorical:[["apical", "apical_shaft", "apical_tuft", "axon", "basal", "oblique", "soma"]]
