tree
version=v3
num_class=1
num_tree_per_iteration=1
label_index=0
max_feature_idx=11
objective=binary sigmoid:1
feature_names=adp_dist post_skeletal_distance_to_soma pre_skeletal_distance_to_soma fw_similarity me_similarity post_nucleus_x pre_oracle pre_test_score post_oracle post_test_score nuclues_dist compartment
feature_infos=[6.03165:4998.8999999999996] [0:1630400] [0:2329630] [-0.17523579361429603:0.62789165298547855] [-0.45127373625387102:0.99106548183094345] [477312:1452736] [0.61800699999999997:0.95232499999999998] [0.38578000000000001:0.87998600000000005] [0.60007900000000003:0.97772899999999996] [0.35020000000000001:0.88849800000000001] [-0.67001864676510847:6.877537726784654] -1:4:3:5:0:2:1
tree_sizes=7840 9326 8958 9111 8844 8959 9083 9015 8968 8940

Tree=0
num_leaves=76
num_cat=0
split_feature=0 10 0 0 7 0 10 4 8 3 3 10 5 7 8 9 6 5 7 3 10 3 10 0 0 10 0 3 8 8 7 7 6 6 4 7 4 7 3 5 4 8 7 5 6 4 5 10 4 2 2 10 6 9 10 6 5 6 3 0 5 5 7 7 5 2 4 0 4 2 9 5 0 3 0
split_gain=508.861 39.9574 27.8269 22.5253 17.7984 15.7446 6.76875 6.78152 9.40051 8.72161 6.47348 6.97928 6.13936 6.01364 5.8097 5.76268 6.46235 5.63888 7.08526 6.40577 7.14396 5.53143 5.49642 4.87619 4.73464 4.63409 4.44482 4.44091 9.18909 4.15046 4.10995 6.08093 3.74116 4.09552 5.83333 3.56213 3.40652 3.08167 8.07693 7.26 4.8 3.05181 2.81298 2.6941 2.66074 2.61673 2.52 2.86003 2.5 2.43609 6.55108 6.75773 2.37363 2.22118 3.01467 2.06843 1.99481 1.95842 1.91107 3.41282 4.11575 1.54229 1.29711 1.09412 1.08915 1 0.958623 0.9 0.4 0.269719 0.1337 0.328205 0.127273 0.124528 7.10543e-15
threshold=2412.6450000000004 -0.050339404426346393 1696.1950000000002 3222.2900000000004 0.74705100000000013 908.26300000000003 -0.58363118702566952 0.48391932724265591 0.68747350000000007 0.14007096124722615 0.086242958695983654 0.35357960511209691 704000.00000000012 0.67910900000000007 0.84014400000000011 0.42120050000000003 0.89492550000000015 764800.00000000012 0.62455250000000018 0.074112719549337736 0.95376428751329467 0.2012560609794892 -0.46617223774202482 1151.4950000000001 739.495 2.4107459807874725 1805.5750000000003 0.18398877212493597 0.75355050000000012 0.81171300000000013 0.5152405000000001 0.66846250000000007 0.79428850000000006 0.84843200000000019 0.83349812697224201 0.57357500000000006 0.36286615017264912 0.53923800000000011 0.22730420213350591 1157792.0000000002 0.78746140302851664 0.73830050000000014 0.67910900000000007 692288.00000000012 0.80924850000000015 0.73900909597658548 1205568.0000000002 -0.48363097365865076 0.87392401539964382 978867.00000000012 694780.00000000012 0.35357960511209691 0.82185250000000021 0.53221450000000015 -0.37700627928459357 0.83916850000000009 1235168.0000000002 0.95130800000000015 0.20625387288291422 4126.2400000000007 1222976.0000000002 984928.00000000012 0.50722900000000004 0.50722900000000004 1244480.0000000002 659181.00000000012 0.56657660415722277 691.5395000000002 0.89338418187088464 407310.00000000006 0.56632400000000016 1252128.0000000002 487.62250000000006 0.097512924784189506 4448.2750000000005
decision_type=2 2 2 2 2 2 2 2 2 2 2 2 2 2 2 2 2 2 2 2 2 2 2 2 2 2 2 2 2 2 2 2 2 2 2 2 2 2 2 2 2 2 2 2 2 2 2 2 2 2 2 2 2 2 2 2 2 2 2 2 2 2 2 2 2 2 2 2 2 2 2 2 2 2 2
left_child=1 2 4 10 6 25 37 8 -8 12 42 13 -9 41 24 -4 27 29 19 -19 44 23 -10 46 35 49 36 53 -29 43 -24 52 -11 55 67 -14 -20 38 -1 48 -41 56 63 -7 -21 -26 47 -6 -39 50 61 -52 -32 -17 -55 -34 -12 58 69 60 -60 73 -43 -2 72 -23 -22 -35 -42 -5 -71 -72 -51 -3 -61
right_child=3 5 15 57 21 17 7 9 22 32 11 -13 14 -15 -16 16 -18 18 26 20 66 65 30 -25 45 -27 -28 28 -30 -31 31 -33 33 34 -36 -37 -38 39 -40 40 68 62 -44 -45 -46 -47 -48 -49 -50 64 51 -53 -54 54 -56 -57 -58 -59 59 74 -62 -63 -64 -65 -66 -67 -68 -69 -70 70 71 -73 -74 -75 -76
leaf_value=-0.0078117718162158817 -0.013093824357606618 0.018906183271789712 0.0054223090892416663 -0.016871603036077029 0.0060913654016842411 0.011432497279397807 0.013498774575155619 0.01187392353065222 -0.0090938234039320814 0.0049061799339288215 -0.011821096781437439 0.0015513404243953331 -0.0057604892758699551 -0.0011627870302670378 -0.0076652516347626015 -0.0048081080964236357 0.0041319862009595552 -0.003304348339403137 0.0081061806968684511 -0.0027975256064814089 0.015451636993616256 0.020906183748626999 0.0075728472363785146 0.0037633225185932377 0.013633454741946011 0.0082746017896547525 0.0035148752543898497 -0.0090938234039320831 0.0081789079869352653 0.0055215646960325975 -0.00052239278891520172 0.0067126319775237774 0.01242133324083251 0.0009061789802542777 0.015572849143727606 0.0052540061038135639 0.017662939732134123 0.014906182318115174 0.0075728472363785181 -0.0090938234039320814 0.0049061799339288224 -0.011093823880769356 -0.0081847322780969588 0.019526873074946119 0.0056120624551655061 0.0037633225185932369 0.018906183271789726 0.01568879120035584 0.0049061799339288207 0.018906183271789712 0.015500777054472203 0.0028416633126774442 -0.0090938234039320814 -0.0069199098421524365 -0.017275643536448199 0.019615860860344884 -0.0030938219734202655 -0.011093823880769352 -0.0076652516347625946 -0.01909382578811844 -0.017760492136893593 0.01394966035093214 -0.017714515114437564 -0.01909382578811844 0.015388941053903487 0.014906182318115179 0.009477609595271155 0.0069061804107660926 0.0009061789802542777 -0.01909382578811844 -0.019093825788118437 -0.016427158485668746 0.020906183748626999 0.020906183748626999 -0.01909382578811844
leaf_weight=9.749997675418852 4.9999988079071063 4.9999988079071072 7.7499981522560111 8.9999978542327863 6.749998390674592 9.4999977350235039 6.7499983906745902 7.7499981522560111 4.9999988079071036 8.7499979138374311 5.4999986886978203 7.7499981522560111 5.9999985694885307 7.2499982714653006 5.2499987483024588 6.9999983310699525 7.7499981522560111 9.4999977350234968 6.2499985098838833 6.7499983906745937 5.4999986886978132 6.2499985098838788 9.7499976754188555 8.7499979138374311 5.4999986886978132 9.4999977350234968 5.7499986290931693 6.9999983310699445 5.4999986886978149 6.499998450279235 6.9999983310699481 7.7499981522560111 8.2499980330467206 4.9999988079071063 7.4999982118606559 5.7499986290931702 9.2499977946281415 4.9999988079071063 5.2499987483024588 4.9999988079071036 4.9999988079071027 4.9999988079071027 5.4999986886978141 7.2499982714653006 8.4999979734420759 5.2499987483024597 4.9999988079071036 5.7499986290931746 4.9999988079071045 4.9999988079071072 9.2499977946281451 7.7499981522560111 5.9999985694885254 5.7499986290931711 5.4999986886978123 7.7499981522560111 4.9999988079071045 4.9999988079071036 8.7499979138374382 4.9999988079071036 7.4999982118606559 5.7499986290931693 7.2499982714653015 7.749998152256012 7.2499982714653006 4.9999988079071045 5.2499987483024597 4.9999988079071045 4.9999988079071045 36.499991297721863 11.999997138977053 7.4999982118606559 8.7499979138374311 8.2499980330467206 8.7499979138374311
leaf_count=39 20 20 31 36 27 38 27 31 20 35 22 31 24 29 21 28 31 38 25 27 22 25 39 35 22 38 23 28 22 26 28 31 33 20 30 23 37 20 21 20 20 20 22 29 34 21 20 23 20 20 37 31 24 23 22 31 20 20 35 20 30 23 29 31 29 20 21 20 20 146 48 30 35 33 35
internal_value=0.000915332 0.00701765 0.00453695 -0.0143502 0.006172 0.0111451 0.00471868 0.00590618 0.00268133 0.00765859 -0.00927239 -0.00690839 0.00400477 -0.00909382 0.00180708 -0.00244517 -0.00402889 0.00815618 0.00645684 0.00372308 0.0062908 0.0123728 0.000624489 0.00985856 0.00401729 0.0147408 0.0110238 -0.00608569 -0.00149382 0.012304 0.00221765 -0.000298641 0.0107287 0.0122495 0.00890618 -0.000370417 0.0138094 0.00115618 -0.00242716 0.00330618 -0.00109382 -0.0116213 -0.0141623 0.014936 0.00188979 0.00881316 0.0129062 0.0105062 0.00990618 0.0158185 0.0142395 0.00972971 -0.00447844 -0.00923081 -0.0119827 0.0159062 -0.00766525 -0.0171938 -0.0175149 -0.0154272 -0.0123246 0.0182746 -0.0150122 -0.0167409 0.0185252 0.0182395 0.0125341 0.00390618 0.00290618 -0.0184784 -0.0187367 -0.0180682 0.0201789 0.0201515 -0.0190938
internal_weight=0 390.25 243.75 156 197.5 146.5 160 120 42.25 77.75 56 37.75 35.5 30 27.75 46.25 38.5 80 56.75 35.5 26 37.5 35.5 26.25 22.5 66.5 21.25 30.75 12.5 23.25 30.5 20.75 42.25 33.5 17.5 11.75 15.5 40 15 25 15 22.75 18.25 16.75 15.25 10.75 17.5 12.5 10 57 36 17 13 18.25 11.25 16 10.5 100 95 30 16.25 19 12.25 12.75 21 11.25 10.75 10 10 65 56 19.5 13.75 13.25 13.75
internal_count=2185 1561 975 624 790 586 640 480 169 311 224 151 142 120 111 185 154 320 227 142 104 150 142 105 90 266 85 123 50 93 122 83 169 134 70 47 62 160 60 100 60 91 73 67 61 43 70 50 40 228 144 68 52 73 45 64 42 400 380 120 65 76 49 51 84 45 43 40 40 260 224 78 55 53 55
is_linear=0
shrinkage=1


Tree=1
num_leaves=87
num_cat=1
split_feature=11 1 10 7 1 5 3 2 1 3 7 9 5 7 6 9 2 3 1 10 5 5 8 2 5 7 9 8 5 5 6 10 3 6 9 3 10 10 9 8 10 9 10 1 7 3 5 1 8 9 9 5 2 9 3 10 10 1 10 10 2 3 3 8 1 9 8 8 3 7 7 8 10 2 9 9 6 6 5 5 2 1 7 3 6 7
split_gain=213.221 44.5377 33.4254 25.2439 18.1935 14.7069 12.1652 9.48237 9.17472 9.03694 8.93731 8.11489 7.13647 7.08661 6.83176 6.55435 6.44099 7.08859 8.18897 7.90447 6.43803 7.01006 7.35582 6.1581 10.5222 13.2143 7.72346 5.99345 5.68593 6.2101 5.58279 6.10162 5.94934 5.57983 7.78218 5.16049 4.94549 6.59334 5.77228 6.12088 4.69013 4.65465 4.55406 4.36856 4.28958 5.22286 6.49711 4.15106 3.88582 3.84218 5.01791 4.38131 3.51311 3.29792 3.09432 3.03322 2.9908 2.95941 2.94583 4.38047 2.85866 2.83122 2.61622 3.87446 2.56444 2.31859 2.40968 3.48184 2.34645 1.92541 1.91044 1.83514 1.71944 1.61854 1.60452 1.28208 0.902859 0.490007 0.415422 0.000374319 0.000255165 0.00015169 0.000142382 0.000113368 9.31602e-05 5.61172e-05
threshold=0 15559.550000000001 -0.050339404426346393 0.61312100000000014 92910.900000000009 1235392.0000000002 0.14007096124722615 1585395.0000000002 168112.50000000003 0.076992710880046597 0.74705100000000013 0.51079250000000009 674048.00000000012 0.61864950000000019 0.83764050000000012 0.55955100000000013 677265.00000000012 0.1365994907401315 93838.300000000003 -0.55223429690393833 1353856.0000000002 1184704.0000000002 0.74931100000000017 1540825.0000000002 1218816.0000000002 0.49389000000000011 0.53805350000000007 0.7910100000000001 948448.00000000012 1091264.0000000002 0.84703850000000014 -0.54492138013877744 0.071583679785960988 0.8675560000000001 0.45753100000000008 0.22730420213350591 0.41352923096091332 0.76156861264394415 0.41273350000000003 0.68191800000000014 0.58089734901037737 0.4854500000000001 -0.050339404426346393 66313.700000000026 0.45135850000000005 0.011103113598336078 742560.00000000012 71159.35000000002 0.67556500000000008 0.54688700000000012 0.6537185000000002 1341888.0000000002 969135.00000000012 0.50395800000000013 0.11429045416552945 -0.46617223774202482 -0.39573896528830754 135681.50000000003 -0.41938734320248966 -0.51643281587112166 624158.50000000012 0.19361941393142623 0.11940290124739601 0.77995650000000005 80099.200000000012 0.40990700000000008 0.82106850000000009 0.79165050000000015 0.084484397903607317 0.59256600000000015 0.62455250000000018 0.79952000000000012 -0.45083704203749758 625936.00000000012 0.42531300000000005 0.58411650000000004 0.79775800000000008 0.9111760000000001 1231104.0000000002 1245248.0000000002 651570.00000000012 216775.00000000003 0.63788000000000011 0.10981849356769059 0.81245950000000011 0.53923800000000011
decision_type=9 2 2 2 2 2 2 2 2 2 2 2 2 2 2 2 2 2 2 2 2 2 2 2 2 2 2 2 2 2 2 2 2 2 2 2 2 2 2 2 2 2 2 2 2 2 2 2 2 2 2 2 2 2 2 2 2 2 2 2 2 2 2 2 2 2 2 2 2 2 2 2 2 2 2 2 2 2 2 2 2 2 2 2 2 2
left_child=77 42 3 6 7 13 11 36 23 14 28 12 -3 -5 15 -6 17 19 53 -15 21 22 -14 24 26 47 33 -28 60 -30 31 -7 -33 41 -35 -25 48 40 -39 -40 -38 -8 78 73 -13 -46 -47 -26 -4 51 -51 -27 -34 -19 72 -29 -32 58 59 -18 76 -55 -31 -64 -21 -50 67 68 -67 -70 -68 -54 -48 -41 -23 -60 -11 79 -2 80 83 84 -82 -1 -81 -83
right_child=1 2 4 5 9 30 8 -9 -10 10 -12 44 20 16 -16 -17 57 18 -20 64 -22 74 -24 35 25 49 27 55 29 62 56 32 52 34 -36 -37 37 38 39 43 -42 -43 -44 -45 45 46 54 -49 65 50 -52 -53 71 61 -56 -57 -58 -59 75 -61 -62 -63 63 -65 -66 66 70 -69 69 -71 -72 -73 -74 -75 -76 -77 -78 -79 -80 81 82 85 -84 -85 -86 -87
leaf_value=-0.019888968616169359 -0.019938314933827129 0.0090504596603396201 0.017779456384361618 0.017980625236202544 -0.0018003619244805237 -0.0048185709634403001 0.012350785196804732 -0.0011972814818352459 -0.012257365558676082 0.007907858166203284 0.015446417150664051 -0.01626706987591826 0.0044606597657450026 -0.01126696256191591 0.0041919374207475 -0.016093781286030159 0.011484269501791758 0.0045576117008437715 -0.0033332677648933314 -0.0019787011461144459 0.006683137249365402 -0.015954899736469234 -0.010433943180464745 0.0018549870947703741 -0.0059511041293958634 -0.0078530775856579822 0.016776913613938797 -0.00098190127042687022 -0.0099922784325439436 0.0085304686600638866 -0.0011804177075468141 -0.002674709335136432 0.013793032676443485 -0.01137623972161214 0.0036727598668745611 0.01589232621217708 0.007771905795042321 0.017332325745065342 -0.0018746050506781445 0.017910724259889373 -0.004626860393255397 -0.00096557012441493941 -0.0066346638719614361 0.0041671676777238513 0.001701259991477665 -0.016141315568796121 0.00079029378917047774 -0.018288470759643235 0.0049332443676983889 0.0099993419877617735 -0.0026085170110985941 0.0040101803940160241 0.0085242732226384118 0.0079846711428073012 -0.011954184777654532 0.0095314489692283188 -0.010007350672306481 0.0019723717242179375 0.015608382322268579 -3.7270083472559459e-05 0.0029603153713494341 0.018173682930579183 0.0044068952157257334 -0.0061019677393952835 0.0078137015899679002 0.017883211466938938 0.011607097942095485 0.0032671933004378407 0.014208152568956528 0.0060656764338479123 0.019867443122027376 5.9022821888173742e-05 -0.006567183457317949 0.010778347059939599 -0.0079434701417901397 0.0099359036426723002 0.01391751284906852 -0.017101982659942214 -0.015955595243174563 -0.019897952381233243 -0.019945789252357671 -0.019944942332083545 -0.020008499497639276 -0.019944617124801257 -0.019839686950982541 -0.019898130712525889
leaf_weight=6.7496627718210238 5.4998355060815793 5.4998279362916938 9.4994653314352018 5.2496534883975974 8.2495713531970996 9.2496621906757301 5.2498710602521914 8.4995392411947233 5.2496900707483283 4.9998213052749652 6.7495980113744727 5.4997327476739875 8.999712556600576 5.7498221099376705 8.2495185285806638 5.2497358024120322 8.2497822344303113 6.4996633231639924 5.9996952116489402 4.9998310804367048 5.2498362511396399 4.9998330622911435 5.2498311251401892 5.4997527301311475 4.9998306632041913 8.2497959733009356 6.2498155683279064 5.2498211711645135 4.9997720867395428 5.24978940188885 8.4996564239263517 7.4997364431619706 6.4998173564672497 6.9997531324624997 6.7498338520526886 4.9997226744890213 5.749765068292616 7.7496602535247794 5.4997999668121365 4.9997450411319759 6.4997620582580566 5.249814048409462 5.2496862709522238 8.2495885491371137 5.9997814446687725 7.9996024370193508 6.7498306930065208 5.9997891485691071 5.9996377378702155 6.9997921884059888 5.7497611790895462 4.9998457431793204 5.2498305141925794 4.9999037981033307 4.9998238384723654 5.7498638033866856 6.9997225254774085 4.9998376518487921 9.2496758252382296 5.4997915774583843 8.249620243906973 5.9995582401752472 8.9996290504932386 5.7497588545083991 5.7497712969779968 4.9996727406978669 5.9997602850198728 5.999636933207511 5.249682664871214 6.4996554404497147 5.2497119009494781 4.9997897893190384 5.9997337311506236 8.7496001422405225 4.9998521655797958 6.9996870607137671 4.9997396916151047 6.9997309744358054 4.9998416304588318 5.2497468292713183 6.9997328668832761 4.9998625814914686 7.4997944682836533 7.9997646510601044 5.749580517411232 5.2497302889823914
leaf_count=27 22 22 38 21 33 37 21 34 21 20 27 22 36 23 33 21 33 26 24 20 21 20 21 22 20 33 25 21 20 21 34 30 26 28 27 20 23 31 22 20 26 21 21 33 24 32 27 24 24 28 23 20 21 20 20 23 28 20 37 22 33 24 36 23 23 20 24 24 21 26 21 20 24 35 20 28 20 28 20 21 28 20 30 32 23 21
internal_value=0 0.00225752 0.00285457 0.000796571 0.00628847 0.00411258 -0.00177756 0.00893065 0.000589116 0.00240348 0.00474422 -0.00486489 -0.00140743 0.00674849 -0.00297758 -0.00735892 0.00596226 0.00322094 0.00674847 -0.00180304 -0.00335721 -0.00553089 -0.00102682 0.00134689 0.000384858 -0.00349261 0.00384187 0.00895692 0.00307396 -2.40159e-05 -0.000204361 0.00209167 0.00472753 0.00020333 -0.00398851 0.0085394 0.00981814 0.00751308 0.00970945 0.00756118 0.00119296 0.00569264 -0.0142395 0.00992015 -0.00811354 -0.00670113 -0.00865898 -0.0126806 0.0120301 0.000394588 0.00431348 -0.00337639 0.00804196 0.0102051 -0.00528671 0.00451374 -0.00516678 0.00909517 0.0102823 0.00687569 0.00731777 0.0135422 0.00246804 0.000310222 0.00325908 0.0106646 0.011676 0.00980389 0.0121454 0.00970379 0.0154619 0.0043949 -0.00267201 0.0133719 -0.0119492 0.0131649 0.0109127 -0.0166805 -0.0180418 -0.0199252 -0.0199484 -0.0198933 -0.0199782 -0.0199192 -0.0198675 -0.019921
internal_weight=0 488.73 472.98 295.739 177.241 129.245 166.494 105.495 94.2468 71.7466 49.9977 72.2474 34.9989 80.2467 21.7488 13.4993 74.997 39.9982 23.4988 16.4994 29.4991 24.2492 14.2495 88.9971 78.4976 36.9988 41.4988 17.2495 43.2481 24.9989 48.9982 33.4988 24.2492 24.2493 13.7496 10.4995 96.9951 47.4979 35.2484 27.4987 12.2495 10.4997 15.7494 21.9989 37.2485 31.7488 25.749 10.9996 49.4972 25.9992 12.7496 13.2496 16.7494 17.4991 17.7494 10.9997 15.4994 34.9988 29.9989 13.7496 18.2492 10.9995 19.9992 14.7494 10.7496 39.9978 33.9981 22.7486 16.749 11.7493 11.2495 10.2496 12.7496 13.7493 9.99969 16.2494 9.99956 57.4976 10.4997 50.4979 29.249 21.2489 14.4995 14.7494 10.9993 10.2496
internal_count=2185 1955 1892 1183 709 517 666 422 377 287 200 289 140 321 87 54 300 160 94 66 118 97 57 356 314 148 166 69 173 100 196 134 97 97 55 42 388 190 141 110 49 42 63 88 149 127 103 44 198 104 51 53 67 70 71 44 62 140 120 55 73 44 80 59 43 160 136 91 67 47 45 41 51 55 40 65 40 230 42 202 117 85 58 59 44 41
cat_boundaries=0 1
cat_threshold=8
is_linear=0
shrinkage=0.01


Tree=2
num_leaves=84
num_cat=1
split_feature=0 11 10 0 0 7 5 0 0 2 7 3 10 7 4 3 2 6 4 2 5 6 2 6 4 3 10 3 0 8 5 2 5 4 2 10 5 6 5 3 10 3 3 8 3 7 0 7 10 5 2 2 5 10 8 8 5 6 3 0 5 5 7 6 7 2 10 6 2 2 6 4 8 8 7 5 2 0 8 10 5 0 4
split_gain=495.631 166.417 28.2176 22.0425 20.2226 16.8357 11.3558 10.7993 8.04018 6.70139 13.4923 6.30601 6.72375 5.81897 5.27545 5.19392 8.19234 4.92239 7.02245 4.89975 4.87534 7.80964 4.34661 4.25106 7.16572 4.08406 4.62576 4.00085 3.80146 3.71195 3.70579 4.72872 3.64329 5.30909 4.6784 3.62586 3.46815 3.43518 3.41337 3.79943 3.35518 3.01677 3.00532 2.97929 2.89719 3.54986 2.78954 2.73379 2.67796 2.49911 2.40405 3.90325 5.21457 2.37744 2.22853 2.07998 1.96667 1.90573 1.86714 3.31611 3.95082 1.49279 1.27779 1.21747 1.07381 0.790784 0.647401 0.607791 0.408159 0.260943 0.127673 0.121514 0.0761798 0.110581 0.000300613 0.000237367 0.000232971 0.000230555 0.000204008 0.00014087 0.000120663 0.00011826 8.73703e-05
threshold=2412.6450000000004 0 -0.050339404426346393 3222.2900000000004 1950.4250000000004 0.74705100000000013 1144544.0000000002 908.26300000000003 517.14700000000005 1712890.0000000002 0.50642900000000013 0.086242958695983654 0.35357960511209691 0.67910900000000007 0.48922449913914806 0.086242958695983654 555448.00000000012 0.94914350000000014 0.72580184769395972 744933.50000000012 941920.00000000012 0.82802300000000006 620965.00000000012 0.87897850000000011 0.71996552145478832 0.18057434480175719 -0.5720592951630129 0.1365994907401315 759.65100000000007 0.74603900000000012 1252128.0000000002 831060.50000000012 1358112.0000000002 0.61136070390518227 863016.50000000012 2.4107459807874725 1169376.0000000002 0.8426705000000001 720928.00000000012 0.18346891012518848 -0.42764469785392389 0.098510539026165106 0.11128500065125475 0.73830050000000014 0.094859140420859717 0.64654500000000015 1055.9900000000002 0.67910900000000007 0.35357960511209691 994720.00000000012 978867.00000000012 694780.00000000012 867264.00000000012 -0.48363097365865076 0.81409000000000009 0.72916850000000011 1235168.0000000002 0.95130800000000015 0.20625387288291422 4126.2400000000007 1222976.0000000002 984928.00000000012 0.50722900000000004 0.83117250000000009 0.50722900000000004 701918.50000000012 0.78717521960342796 0.89042750000000015 476999.00000000006 407310.00000000006 0.72141000000000011 0.4206341310975224 0.82204500000000014 0.85911250000000006 0.50104100000000007 1274368.0000000002 1210305.0000000002 960.77700000000016 0.74454450000000005 0.33067265292672582 1229568.0000000002 4086.9050000000002 0.64845252346222593
decision_type=2 9 2 2 2 2 2 2 2 2 2 2 2 2 2 2 2 2 2 2 2 2 2 2 2 2 2 2 2 2 2 2 2 2 2 2 2 2 2 2 2 2 2 2 2 2 2 2 2 2 2 2 2 2 2 2 2 2 2 2 2 2 2 2 2 2 2 2 2 2 2 2 2 2 2 2 2 2 2 2 2 2 2
left_child=1 67 4 11 5 6 15 35 32 10 40 47 13 43 22 16 -3 38 -19 -18 68 -22 42 37 -25 26 -7 36 -28 -29 31 -24 33 -8 -35 50 -6 44 39 -17 -10 -33 -9 56 -12 46 -46 64 -23 -30 51 61 -53 -39 65 -27 -13 58 69 60 -60 71 -45 -54 -2 -40 79 77 -16 -5 -71 -4 74 -74 -72 -61 78 -1 80 -52 81 -76 -79
right_child=3 2 7 57 27 25 8 14 9 -11 23 12 -14 -15 20 17 19 18 -20 -21 21 48 30 24 -26 55 28 29 49 -31 -32 41 -34 34 -36 -37 -38 53 54 -41 -42 -43 -44 62 45 -47 -48 -49 -50 -51 66 52 63 -55 -56 -57 -58 -59 59 75 -62 -63 -64 -65 -66 -67 -68 -69 -70 70 72 -73 73 -75 76 -77 -78 82 -80 -81 -82 -83 -84
leaf_value=-0.019849211630919433 -0.013799307397951946 -0.0042482841554464454 0.01969030930350012 -0.017568877128197061 -0.011902893852307703 0.0025445248812320481 -0.010324787446364676 0.017833734399698306 -0.011224077486887149 0.015017447456802564 -0.00090279964686215328 -0.012559930492318211 0.00059317398671475689 -0.0020538742321985627 0.01580328349363264 0.014641697354469227 0.015309941954218465 0.011926591540349273 -0.0039737639543304306 0.0030310185853451056 0.0026292236989164824 0.0098100543241211868 0.0010205667148404411 -0.0079685474384629147 0.008241052837072594 0.011809891562659158 0.018415412794471439 -0.0049253357044756248 0.013903693906442761 0.005412198153295876 -0.00067341789844178044 0.0056266154725445258 0.004782635687427316 -0.0044724420926257604 0.0079349343190645936 0.0087303558668991883 -0.00087751144542511181 0.0066364828278733167 0.018771641749548068 0.0038366504449593793 -2.3102037088786879e-05 0.01468363043126439 0.0078243387971541189 -0.011803453312563614 -0.00088671678148754239 0.013002869237182208 0.0087647681551142661 -0.0089772995274895202 0.01981727059314101 0.0039052079194453987 0.019717887200308752 0.0018583693977342411 0.017829236922477811 0.015195635220883741 0.0098845943584428726 0.019743558804243937 -0.0038940795424475252 -0.011862582193355576 -0.0085099067221478461 -0.019788767419694393 -0.018401424434141968 0.012806093777961571 -0.01837514956378852 0.01108175571997441 -0.019743835908604464 0.013879974364911484 0.016124356621219704 -0.016046840907005377 0.01979573328568264 -0.017956546818786574 -0.019711800909815804 0.017702803006698905 -0.017726484766702574 -0.019781472882119764 -0.019727847377359484 -0.019705648005260732 -0.019834530689424121 -0.019761331970556895 -0.019802273535331344 0.019786071023968718 -0.019706187019128935 -0.019795807816132729 -0.019807548845718101
leaf_weight=7.4994395673275056 4.9993140399456042 6.9995101839303997 7.9979037344455737 8.9987695515155774 6.2495374381542224 5.7497116327285758 7.2497781664133134 4.9994721412658674 5.7496185451745987 6.2492238432168952 5.249845206737521 5.4993485808372551 7.749733939766883 7.2497031390666953 4.9993935227394122 5.7493919730186445 6.4995759129524213 6.2496493160724622 4.9997636675834656 6.4995276927947998 9.24933670461178 4.9993361085653287 8.4992136061191612 4.999901279807089 5.9997299611568451 4.9992533028125754 7.249055549502379 5.9997402876615515 4.9997739940881711 8.2495168149471265 8.7494969516992551 6.9994909167289716 7.2495477050542823 7.7497278004884702 4.999657467007637 8.9993208199739438 5.2496325224637985 5.2496693432331076 9.7485625296831149 7.4991279989480972 4.9997566193342191 7.7492688447237015 7.4991844296455383 4.9993000328540784 5.7497923523187655 7.249597266316413 6.2495704591274261 5.4996238201856604 5.7493959963321686 4.9996761381626129 6.7485295385122317 4.9995572566986075 4.9994686841964704 8.4994243085384351 5.9996282607316962 9.7480891942977888 4.9997754842042923 4.9995896220207205 8.7496847212314659 6.9989905506372434 7.4984812736511222 5.7490784376859656 7.2486519366502762 5.749148353934288 7.7485161274671555 4.9997045099735251 8.2486547678709012 5.2496410608291617 5.2493024170398712 5.4991732239723197 9.7477385997772199 4.9988029301166534 4.998895198106764 5.4991676509380341 4.9988771975040525 6.7483876943588257 5.4995626956224433 8.9985850453376788 8.4989383965730649 5.4992450773715973 5.9985275864601126 5.249259740114212 7.4991763532161704
leaf_count=30 20 28 32 36 25 23 29 20 23 25 21 22 31 29 20 23 26 25 20 26 37 20 34 20 24 20 29 24 20 33 35 28 29 31 20 36 21 21 39 30 20 31 30 20 23 29 25 22 23 20 27 20 20 34 24 39 20 20 35 28 30 23 29 23 31 20 33 21 21 22 39 20 20 22 20 27 22 36 34 22 24 21 30
internal_value=0 0.00602266 0.00784325 -0.015067 0.00585146 0.00694347 0.00551608 0.0115992 0.00328177 0.00516252 0.00413604 -0.0100436 -0.00771033 -0.00985556 0.00901769 0.00871783 0.00447393 0.0105936 0.00485973 0.0091705 0.01224 0.00936589 0.0068273 0.00635157 0.000872951 0.0129464 0.0103123 -0.00248158 0.0129017 0.00105951 0.00487391 0.00696168 -0.00129066 -0.00349218 0.000393097 0.0146146 -0.00686956 0.00792716 0.012491 0.00852566 -0.00601427 0.0103853 0.0118281 -0.012342 0.00568206 0.00747797 0.00414002 -0.0148703 0.0151628 0.0089045 0.0155775 0.0139658 0.0102957 0.0119276 0.015023 0.0170541 -0.00843318 -0.0178802 -0.0181969 -0.0161332 -0.0130748 0.017049 -0.0156928 0.0142202 -0.0174126 0.0171134 0.01829 -0.014255 0.0178482 -0.0191495 -0.0194035 0.0189259 -0.0195611 -0.0188029 -0.0197601 -0.019748 -0.0197757 -0.0198032 -0.0197626 0.0197485 -0.0197418 -0.0197627 -0.0197823
internal_weight=0 390.213 360.966 155.978 222.233 196.485 158.739 138.733 93.4948 66.2461 59.9969 55.994 37.7465 29.9968 74.7429 65.2444 19.9986 45.2458 11.2494 12.9991 30.2468 19.9981 44.4961 49.2475 10.9996 37.7456 22.9982 25.7484 17.2485 14.2493 31.9975 23.248 27.2487 19.9992 12.7494 63.9897 11.4992 38.2479 33.9964 13.2485 10.7494 14.7488 12.4987 22.7471 24.4988 19.249 11.9994 18.2475 10.7487 9.99945 54.9904 34.494 15.7482 13.7491 20.7479 14.7473 10.4991 99.984 94.9845 29.9955 16.2482 18.7458 12.248 10.7486 12.7478 14.7483 20.4964 29.2468 10.2487 64.9889 55.9901 12.9967 50.491 10.4981 39.9929 13.7474 30.2452 23.9972 24.7456 12.2478 16.2467 10.2481 16.4978
internal_count=2185 1561 1444 624 889 786 635 555 374 265 240 224 151 120 299 261 80 181 45 52 121 80 178 197 44 151 92 103 69 57 128 93 109 80 51 256 46 153 136 53 43 59 50 91 98 77 48 73 43 40 220 138 63 55 83 59 42 400 380 120 65 75 49 43 51 59 82 117 41 260 224 52 202 42 160 55 121 96 99 49 65 41 66
cat_boundaries=0 1
cat_threshold=8
is_linear=0
shrinkage=0.01


Tree=3
num_leaves=85
num_cat=1
split_feature=11 1 10 7 1 3 7 2 1 7 3 9 6 6 2 6 2 7 4 10 1 10 2 2 10 2 2 9 3 1 3 3 7 10 10 10 9 8 9 10 2 2 9 7 4 10 10 1 7 3 10 3 8 7 3 4 8 9 6 7 4 9 8 1 1 2 4 1 8 8 2 2 2 10 9 6 10 1 10 1 3 4 8 7
split_gain=205.294 43.4099 32.1005 24.2393 17.656 11.7864 10.2439 9.19384 8.8463 8.81313 8.31044 7.86871 7.79179 9.05135 8.5744 7.84133 6.67404 6.60654 7.26424 6.38715 9.0433 7.50582 5.96612 8.48318 6.46404 8.467 6.5139 7.5937 5.34964 5.26652 6.08099 4.98191 4.89422 4.81852 5.30715 5.75939 5.65001 5.97594 4.69722 4.49163 8.73601 6.13312 7.38941 6.17494 4.50583 4.46397 4.28646 4.27337 4.16674 5.08985 4.10099 4.46024 3.82672 3.53636 3.44474 3.41458 3.32139 2.65696 2.93462 4.40951 2.53787 2.52945 2.52793 2.50198 3.92572 2.47624 2.31548 1.87379 1.7038 2.69634 1.69144 4.2265 1.57372 1.12717 0.851063 0.472253 0.39847 0.000311953 0.000172391 0.000108034 0.000138907 8.47828e-05 9.5024e-05 7.60745e-05
threshold=0 15559.550000000001 -0.050339404426346393 0.61312100000000014 92910.900000000009 0.14007096124722615 0.61704650000000016 1585395.0000000002 168112.50000000003 0.74794850000000013 0.02735055054126145 0.51079250000000009 0.88977750000000011 0.84843200000000019 788918.00000000012 0.91696850000000019 498044.00000000006 0.48176300000000005 0.71801338062160636 -0.57759769939002126 55353.700000000004 -0.16662642234607625 1540825.0000000002 1201350.0000000002 -0.58363118702566952 498044.00000000006 630563.50000000012 0.45930300000000007 0.25983274196766609 63929.150000000009 0.22256265746489759 0.22730420213350591 0.51509000000000016 0.40103898878135247 0.76156861264394415 0.58089734901037737 0.41273350000000003 0.68191800000000014 0.7045395000000001 1.5077118556571945 467731.50000000006 1023955.0000000001 0.55251850000000002 0.59012850000000017 0.50015525748490097 -0.050339404426346393 -0.62184759333299044 66313.700000000026 0.45135850000000005 0.011103113598336078 -0.4800599131353529 0.050079140869197701 0.76773500000000017 0.54381500000000005 0.06893251034409309 0.59983156645908819 0.67556500000000008 0.47948000000000007 0.8426705000000001 0.78910200000000008 0.4781778556395449 0.49224000000000007 0.74454450000000005 98830.800000000017 63348.000000000007 878327.00000000012 0.37563500843023873 69133.050000000003 0.82106850000000009 0.75774200000000014 997281.50000000012 669083.00000000012 625936.00000000012 -0.4800599131353529 0.61555250000000006 0.9111760000000001 -0.50634744303626522 200752.00000000003 0.10951154757734062 170006.00000000003 0.17101312314670938 0.61794959306605113 0.80328350000000015 0.55420150000000012
decision_type=9 2 2 2 2 2 2 2 2 2 2 2 2 2 2 2 2 2 2 2 2 2 2 2 2 2 2 2 2 2 2 2 2 2 2 2 2 2 2 2 2 2 2 2 2 2 2 2 2 2 2 2 2 2 2 2 2 2 2 2 2 2 2 2 2 2 2 2 2 2 2 2 2 2 2 2 2 2 2 2 2 2 2 2
left_child=75 45 3 5 7 11 -5 33 22 10 -6 17 13 19 -15 16 -14 18 -3 20 -8 38 23 24 25 -7 27 -26 -27 -28 -31 -24 -29 56 35 -35 -36 -38 57 41 -41 42 60 -44 -42 76 -22 72 -13 -50 53 -52 73 -19 -54 -18 -4 63 59 65 -12 70 -57 64 -21 -59 -43 -34 69 -63 71 -58 -39 -51 -64 77 -2 79 81 80 83 -79 -83 -1
right_child=1 2 4 6 9 8 12 -9 -10 -11 39 48 15 14 -16 -17 55 50 -20 21 46 -23 31 -25 26 28 29 32 -30 30 -32 -33 67 34 36 -37 37 47 -40 40 44 66 43 -45 -46 -47 -48 -49 49 52 51 -53 54 -55 -56 62 61 58 -60 -61 -62 68 74 -65 -66 -67 -68 -69 -70 -71 -72 -73 -74 -75 -76 -77 -78 78 -80 -81 -82 82 -84 -85
leaf_value=-0.019500271137330074 -0.019696394001199685 -0.0025102581861579359 0.017393489248896436 0.017722308596079313 -0.0095053850185277088 -0.011164954137558034 -0.012602478054312969 -0.0012001672355307095 -0.012022140767039788 0.011315605097058552 -0.010602403721755501 -0.01601111943200819 4.4352685255520662e-06 -0.012391430391021488 0.0030722104089581539 -0.0011271198047864482 0.0045815251784038467 -0.014385050406703832 0.013972021896775638 0.0059732799698722517 0.0099575294514022208 -0.003588285033155344 0.0018512123354100752 -0.0087444085202006555 -0.0038963841796723136 0.0080674562740663189 0.0070986889019588996 0.0044142045014429129 -0.0049108301126742308 -0.0088224963239825899 0.0032629187276610018 0.015645112817677803 0.0098368508861679891 0.0081364713187914196 0.017088971561598065 -0.0046289503032566634 -0.0019032603051443685 0.017642874319556408 0.015807842441114623 0.017679555809331705 -0.0043802277062436057 0.011859102922061215 0.0076009571042078249 -0.0060690502029895031 0.0084345911106309523 -0.0065436674120211407 -0.0020789618563623173 0.0040614621608383696 0.0017134390839013271 -0.0098088204850198119 -0.0071477996569928046 0.0047953167113669332 -0.011739444923021276 -0.0032829746723110338 -0.0014359991398036527 0.009745673641906245 0.011738194262959908 -0.0080052339218613863 0.0098855757181482498 0.0075526814243977716 -0.0018835520942962799 0.015202151124142057 0.019679829216287942 0.0027659237824817374 0.01776081955762181 0.0019479622101927711 0.0025531503916502362 0.018126472357896731 0.016223037175954299 0.0064886732128343729 0.012137971375136043 -0.0011103859297361071 0.010608745222470984 -0.016077049172499434 0.014050039987120764 -0.016785084636305542 -0.015795354883160556 -0.019538205098881961 -0.019622439097836879 -0.019492161836926165 -0.019579898574255305 -0.019607419168010638 -0.019550928446909629 -0.019551041627558642
leaf_weight=6.7454605847597175 5.498334437608718 5.7486163675785047 8.9958043694496137 5.2476071566343299 6.7479807734489432 7.9988624751567796 5.4991439878940609 8.4982370883226377 5.2478833198547354 9.4965047240257245 8.4984030276536959 5.4978123158216468 5.9983369708061245 7.9986364245414716 6.4994012862443924 8.9979361742734891 5.2487205266952541 5.4992900788784009 4.9994537532329559 6.4984805285930651 4.9992381632328042 8.4984680414199811 5.4991219490766508 8.9981725811958295 4.9986867159605124 6.7492946684360486 6.9991168975830105 8.998353838920595 5.9991194903850555 8.9980738461017626 7.7488179206848136 4.9980529844760895 4.9989753663539869 7.747792571783064 7.7471162378787986 6.4989697635173798 5.4993150681257275 4.9977311640977886 4.9987904727458945 4.9985757470130912 5.7490113824605924 4.9988753348588926 9.7474370747804624 4.9991576373577109 5.2488682419061661 5.2485252618789664 7.2486145645379993 8.2483682781457883 5.9991729259490993 5.9987965226173401 5.4990995824337023 7.2489493638277054 4.9987246543169013 5.9988947510719299 9.2479749917983991 8.9976301938295382 4.9982669949531537 4.9990070909261757 4.9990457147359839 6.4981144815683356 5.4985083639621726 6.7471168637275714 5.4980407655239087 5.2491395473480216 4.9986126273870468 4.9993331432342529 5.7483406066894531 5.9991248697042465 8.7463791072368604 7.4977659732103348 5.2484518140554419 5.248577281832695 8.747653663158415 5.4982150495052355 5.2485750615596771 6.9973451346158972 4.9990005046129218 7.2457312345504823 7.2470232695341101 5.496154621243476 6.4967998117208472 6.4971680790185911 5.496982753276825 5.2470412850379944
leaf_count=27 22 23 36 21 27 32 22 34 21 38 34 22 24 32 26 36 21 22 20 26 20 34 22 36 20 27 28 36 24 36 31 20 20 31 31 26 22 20 20 20 23 20 39 20 21 21 29 33 24 24 22 29 20 24 37 36 20 20 20 26 22 27 22 21 20 20 23 24 35 30 21 21 35 22 21 28 20 29 29 22 26 26 22 21
internal_value=0 0.00221516 0.00280438 0.000787442 0.00616998 -0.00173515 0.00403713 0.0087732 0.000594561 0.00234244 0.000973221 -0.00477429 0.00345785 0.00172793 -0.00545915 0.00709099 0.00947701 -0.00136952 0.00515646 0.00322749 -0.0019492 0.00500314 0.00133864 0.000391686 0.00157473 -0.00310007 0.00356462 0.00712782 0.00196016 -0.000186017 -0.00323055 0.00841895 0.00988364 0.00964725 0.00746371 0.00231325 0.00954592 0.00742041 0.0066917 0.00224756 0.00671791 0.000436762 -0.00197299 0.00296677 0.0017358 -0.0140737 0.002834 0.0097517 -0.00797368 -0.00658161 -0.0042624 -0.000356561 -0.00851464 -0.00859282 -0.00505116 0.0117504 0.011923 0.00550007 0.00317354 0.00113955 -0.00717731 0.0106443 0.0136562 0.00848641 0.0110982 -0.00302847 0.00688165 0.0143586 0.0127489 0.0106158 0.00752152 0.00515697 0.0131663 -0.0128065 0.0169303 -0.016371 -0.0178387 -0.0195572 -0.0195809 -0.0195311 -0.0195427 -0.0195652 -0.0195815 -0.0195225
internal_weight=0 488.633 472.887 295.688 177.199 166.467 129.221 105.468 94.2317 71.7317 62.2352 72.235 123.973 83.984 14.498 39.9892 30.9913 34.9943 10.7481 69.486 17.747 51.739 88.9838 78.4866 69.4884 20.7473 48.7411 24.9951 12.7484 23.746 16.7469 10.4972 19.9965 96.9693 49.4869 14.2468 35.2402 27.4931 43.2405 55.4872 15.9965 39.4907 28.7435 14.7466 10.9979 15.7459 12.2479 21.9938 37.2407 31.7429 24.2462 12.748 25.7437 11.4982 14.2467 24.993 47.4824 38.2417 21.4955 16.4965 13.9969 38.4866 19.7442 16.7462 11.4971 9.99834 10.7472 10.9981 22.9913 14.2449 15.4953 10.2468 13.7454 11.497 10.7466 57.4697 10.4973 50.4724 26.4869 23.9855 18.4893 19.2399 11.9942 11.9925
internal_count=2185 1955 1892 1183 709 666 517 422 377 287 249 289 496 336 58 160 124 140 43 278 71 207 356 314 278 83 195 100 51 95 67 42 80 388 198 57 141 110 173 222 64 158 115 59 44 63 49 88 149 127 97 51 103 46 57 100 190 153 86 66 56 154 79 67 46 40 43 44 92 57 62 41 55 46 43 230 42 202 106 96 74 77 48 48
cat_boundaries=0 1
cat_threshold=8
is_linear=0
shrinkage=0.01


Tree=4
num_leaves=83
num_cat=0
split_feature=0 1 1 10 0 0 7 0 10 1 5 1 2 7 1 3 10 3 2 2 7 3 10 0 6 0 10 2 1 6 3 2 10 10 2 9 0 10 8 1 8 7 7 1 2 8 0 1 10 3 3 6 8 5 1 5 6 3 0 5 5 3 2 9 3 7 6 6 1 2 2 6 9 5 1 10 10 1 5 7 1 2
split_gain=482.938 79.7575 33.8559 25.5368 22.1104 21.5782 15.845 12.3352 12.4907 9.99593 9.64712 9.39099 7.13103 8.64914 6.88628 6.16989 6.48111 6.02702 6.8279 5.7956 5.65238 5.21091 5.40957 5.04342 4.999 4.87005 4.77529 7.19973 4.48784 4.32473 4.02345 3.75487 3.70707 3.75017 4.27207 6.56224 4.47447 3.68379 3.5848 3.41708 2.91475 2.67023 2.6546 2.63639 4.10972 2.53185 2.95454 2.45891 2.30347 3.23982 5.3656 2.34716 2.48337 2.01019 1.98919 1.91585 1.83531 1.81303 3.23688 3.82039 1.79795 1.78202 1.74026 1.27199 1.05968 1.04708 0.955241 1.83982 0.457418 0.436987 0.253421 0.148178 0.131073 0.311711 0.00260985 0.00105048 0.000935376 0.000841197 0.000705063 0.000441544 0.000437971 0.000387949
threshold=2412.6450000000004 170006.00000000003 15559.550000000001 -0.050339404426346393 2052.0550000000007 3222.2900000000004 0.74705100000000013 1478.7300000000002 0.1021851626702877 106127.00000000001 1144544.0000000002 228066.50000000003 1757350.0000000002 0.50642900000000013 117881.00000000001 0.086242958695983654 0.35357960511209691 0.086242958695983654 555448.00000000012 840910.50000000012 0.67910900000000007 0.18057434480175719 -0.5720592951630129 1100.4450000000002 0.83172100000000004 517.14700000000005 -0.51956300768359809 470221.00000000006 89133.150000000009 0.76449350000000005 0.23484133127317608 744933.50000000012 -0.58960318762966246 -0.50901864948718412 988842.50000000012 0.58988750000000001 1017.6950000000001 -0.63920330176559059 0.75527250000000012 81799.450000000012 0.73830050000000014 0.47309050000000002 0.67910900000000007 49503.55000000001 592141.50000000012 0.73674950000000006 2266.2450000000003 6292.8000000000002 0.12138315215104724 0.093745551446291445 0.12269707678572332 0.78268700000000002 0.75699650000000018 720928.00000000012 63929.150000000009 1235168.0000000002 0.95130800000000015 0.20625387288291422 4126.2400000000007 1222976.0000000002 891552.00000000012 0.24991607710986816 938910.50000000012 0.57869800000000005 0.20278901617542802 0.50722900000000004 0.83764050000000012 0.80416150000000008 80979.500000000015 665267.00000000012 407310.00000000006 0.93741000000000019 0.56632400000000016 1252128.0000000002 186296.00000000003 -0.017707912777460564 0.61273193721556385 96893.450000000026 828032.00000000012 0.55420150000000012 106242.00000000001 586345.00000000012
decision_type=2 2 2 2 2 2 2 2 2 2 2 2 2 2 2 2 2 2 2 2 2 2 2 2 2 2 2 2 2 2 2 2 2 2 2 2 2 2 2 2 2 2 2 2 2 2 2 2 2 2 2 2 2 2 2 2 2 2 2 2 2 2 2 2 2 2 2 2 2 2 2 2 2 2 2 2 2 2 2 2 2 2
left_child=1 2 47 4 6 15 10 8 11 23 17 -3 13 30 -11 42 20 18 -4 26 40 22 -8 43 29 28 27 -19 38 -16 41 -20 37 -34 35 36 -35 -27 -15 -24 55 -12 65 44 -5 -6 -47 -1 -25 54 -51 -52 -53 -28 -50 -17 57 70 59 -59 -9 66 -46 -42 -29 -2 67 -45 -55 -23 -7 76 74 78 75 80 -68 -60 -74 -77 81 -72
right_child=5 7 3 9 45 56 21 60 -10 14 12 -13 -14 25 24 16 -18 19 31 -21 -22 69 39 48 -26 32 53 64 -30 -31 -32 -33 33 34 -36 -37 -38 -39 -40 -41 63 -43 -44 61 62 46 -48 -49 49 50 51 52 -54 68 -56 -57 -58 58 77 -61 -62 -63 -64 -65 -66 -67 71 -69 -70 -71 72 -73 73 -75 -76 79 -78 -79 -80 -81 -82 -83
leaf_value=-0.015731000335850197 -0.01361826718984268 -0.001240296489708827 -0.0041379551092651009 0.019491274831750525 -0.0080295808286886521 -0.017352256324166888 0.00087811119765513379 -0.011742761056222063 0.0065485950051214674 -0.00071914433092508292 -0.0016071357425888821 -0.016941023255393668 0.013475645108893626 0.0099242178250787388 0.012768772149474287 -0.012362679498057628 0.00055528221750309088 -0.00090641227446822505 0.012931394995030755 0.0032002972935577636 -0.0020144979557972036 0.016000245838121149 0.0073416845886263406 0.015438907671629743 0.015879388781146711 0.0079304128560775886 0.011683236923230776 0.016045307110849991 -0.0066561007896496771 0.0016027397778776281 0.0032163230256864127 0.0023533435548017084 0.013105811969602204 0.0048380676280806809 0.011561587801102707 0.010949963806406511 -0.0072530780125505826 -0.0030796811694483194 -0.0017757281151512996 0.016459357766590767 -0.01814746647396475 -0.010994641729110528 -0.0088734784952455709 0.018418719975473622 0.0043731244487719466 -0.0048621653352362137 0.0047937572101829674 -0.0058121330082980798 0.01775438355496424 -0.0022218232287708533 0.014593521300114183 0.0016961279377588235 0.011664647680586004 0.019637731973473987 0.0097160492573428146 -0.0038085427414908117 -0.011754469831462703 -0.0084267366346157512 -0.019571254612407548 -0.018155345178248645 -0.019486864223121871 0.011532301319701135 0.011831782062874139 -0.011589158909432072 0.0096832528966373753 -0.019489661129499063 0.019460531952024955 0.011226932611290345 0.015676660198252684 0.019526240453172975 -0.019475535317010208 0.017493558280985415 -0.019418483386904779 -0.016898808212553535 -0.019336714208480484 -0.019569333167503179 0.019637158626570027 -0.019410191455919563 -0.01957197908830248 -0.019700665697707453 -0.019430790487965033 -0.019581309630294318
leaf_weight=4.9982419162988645 4.9975066334009188 7.4980702400207537 6.9984386861324337 4.9962425082922008 8.4978588968515414 8.99520295858383 5.2493513226509085 4.9971892237663251 7.4966716021299353 9.2474602311849612 5.4987101256847399 7.7440366595983505 6.497147023677825 4.9994379580020922 5.7478094547987011 5.4974392503500038 7.7490757703781119 5.7490755319595328 7.2478436976671201 8.9983511418104154 7.2489508688449851 8.493920758366583 7.2478143423795762 7.2462829053401938 7.9962615817785254 4.999573677778244 8.7467502653598839 5.4979812353849393 6.7493295967578879 8.7476342022418958 5.9981772601604453 6.2488999664783478 8.9980232566594989 5.9985179901123171 8.498236879706381 6.7481066137552252 6.2490122318267822 7.7488259673118574 5.4994480758905411 9.4957060366868955 7.2449286431074125 6.7491116523742676 5.4987243115901938 8.7447311580181104 5.2474112212657911 7.997404068708418 5.2484959959983826 4.9989425390958786 5.4967454224824888 4.9990875869989422 5.9969751536846152 4.9982682615518552 4.9980492442846298 6.9968743026256544 6.9977364987134933 4.9991697371006012 4.998678818345069 8.7487110644578987 8.4951365143060666 7.4942100644111624 7.494029700756073 6.2458191066980353 7.7457511723041534 4.9971454739570618 4.9980993419885635 7.7440455555915833 7.4938574582338351 5.9962775111198416 4.9976742714643478 5.996027171611785 5.7455206215381649 4.9962647706270209 5.7444777339696902 7.4955968409776679 6.7415883392095557 4.9973015487194079 4.997984305024147 5.2446138262748709 6.2465756088495255 5.248618021607399 4.9954323768615714 8.7454787641763669
leaf_count=20 20 30 28 20 34 36 21 20 30 37 22 31 26 20 23 22 31 23 29 36 29 34 29 29 32 20 35 22 27 35 24 25 36 24 34 27 25 31 22 38 29 27 22 35 21 32 21 20 22 20 24 20 20 28 28 20 20 35 34 30 30 25 31 20 20 31 30 24 20 24 23 20 23 30 27 20 20 21 25 21 20 35
internal_value=0 0.00594561 0.00737029 0.00789617 0.00579348 -0.0148761 0.00686422 -0.0084052 -0.00401952 0.0114177 0.00549037 -0.00921734 0.00337912 0.00260495 0.00654517 -0.00990535 -0.00759718 0.00838767 0.00387756 0.0103978 -0.00970385 0.0128032 0.0097356 0.0130088 0.00953189 0.00427861 0.0121489 0.00808879 -0.000294189 0.00603035 -0.00349387 0.00803383 0.0058804 0.00750215 0.00566822 0.00303165 -0.00133115 0.00123818 0.00379564 0.0125126 -0.0121552 -0.00678008 -0.0146806 0.0149435 0.0117834 -0.00376931 -0.00103615 -0.0107712 0.0103268 0.00922062 0.00682096 0.00964749 0.00668028 0.0153288 0.0132524 -0.00828864 -0.0176604 -0.0179713 -0.0159373 -0.0129154 -0.0163888 0.016421 0.00881953 -0.0154704 0.0130158 -0.0171868 0.0173684 0.0154933 0.0179873 0.0174593 -0.0189102 0.0189491 -0.0191606 -0.0184985 -0.0195144 -0.0195546 0.0195312 -0.0195098 -0.0194984 -0.0196366 -0.0195115 -0.0195394
internal_weight=0 390.102 354.872 344.875 215.938 155.914 194.194 35.23 22.7388 128.937 157.712 15.2421 91.2317 84.7345 31.7392 55.977 37.7367 66.48 20.4952 45.9848 29.9876 36.4828 21.9929 97.1975 22.4917 66.4885 36.9865 16.2452 17.2482 14.4954 18.246 13.4967 49.2403 36.4919 27.4939 18.9956 12.2475 12.7484 10.4989 16.7435 22.7387 12.2478 18.2403 56.4643 17.9894 21.7438 13.2459 9.99718 40.7331 33.4869 20.9924 15.9933 9.99632 20.7413 12.4945 10.4966 99.9371 94.9385 29.9827 16.2429 12.4912 38.4749 12.9932 12.2421 10.4961 12.7416 32.2291 14.741 11.9945 14.4899 64.9558 17.4881 55.9606 19.4867 36.4739 29.7324 12.4918 13.7398 11.9911 10.2459 19.4864 14.491
internal_count=2185 1561 1420 1380 864 624 777 141 91 516 631 61 365 339 127 224 151 266 82 184 120 146 88 389 90 266 148 65 69 58 73 54 197 146 110 76 49 51 42 67 91 49 73 226 72 87 53 40 163 134 84 64 40 83 50 42 400 380 120 65 50 154 52 49 42 51 129 59 48 58 260 70 224 78 146 119 50 55 48 41 78 58
is_linear=0
shrinkage=0.01


Tree=5
num_leaves=84
num_cat=0
split_feature=1 10 1 7 5 1 3 1 4 6 9 2 7 3 8 8 2 3 4 7 3 10 8 5 4 5 10 5 10 2 5 7 8 9 4 7 6 1 4 10 9 1 1 10 3 3 10 7 3 4 1 5 2 5 10 4 8 8 3 1 10 5 7 7 8 1 10 7 10 3 9 5 1 1 3 7 10 1 5 10 1 2 4
split_gain=104.445 42.1597 32.9942 19.1748 16.0468 14.0181 12.836 12.5834 10.2112 10.7693 9.57593 7.84424 7.50243 9.25367 7.26411 8.28628 6.95313 8.58619 9.26522 6.87282 6.66353 6.32201 7.43803 6.00063 8.70923 7.19985 5.98666 6.02511 5.89947 5.88085 9.27129 13.0213 7.41253 8.40529 6.56438 5.7029 6.96088 5.68942 5.50454 5.6194 5.3656 5.25979 5.17058 8.0088 4.7473 4.47654 4.47013 4.26234 4.24282 4.20584 4.04894 3.7151 3.66245 3.6158 3.60269 4.0432 3.56763 4.87862 4.85009 3.41552 3.29756 3.01522 2.63759 2.57488 2.64662 2.8305 2.54171 2.911 2.59692 2.35382 2.29563 2.1641 1.96051 5.63515 1.89012 1.69116 1.3375 1.88158 1.10749 0.403017 0.354641 0.000734252 0.000523967
threshold=170006.00000000003 -0.050339404426346393 15559.550000000001 0.61312100000000014 1235392.0000000002 92910.900000000009 0.14007096124722615 26081.500000000004 0.39553492286904585 0.78772400000000009 0.51807200000000009 1585395.0000000002 0.74794850000000013 0.019478078125010827 0.78839350000000008 0.64269550000000009 908344.50000000012 0.18057434480175719 0.59983156645908819 0.6933760000000001 0.074112719549337736 -0.58363118702566952 0.78088600000000008 957024.00000000012 0.55216525974710329 1082752.0000000002 -0.5720592951630129 725056.00000000012 -0.49311859012711606 1540825.0000000002 1218816.0000000002 0.50104100000000007 0.85911250000000006 0.53805350000000007 0.63969963394649454 0.66846250000000007 0.87897850000000011 94633.60000000002 0.68099741369424649 -0.5982028064091075 0.53608750000000016 70742.300000000017 107888.00000000001 -0.39573896528830754 -0.0052485858930628642 0.22730420213350591 0.29216012269491648 0.61864950000000019 0.23484133127317608 0.80938778409602274 84366.60000000002 1029312.0000000001 766066.00000000012 682816.00000000012 2.4107459807874725 0.72998235017343827 0.79863250000000019 0.8625965000000001 0.035516223828848024 91380.900000000009 0.41352923096091332 721408.00000000012 0.52382150000000005 0.56247900000000006 0.7129930000000001 228066.50000000003 0.68432742502990995 0.50787000000000015 2.2107036937836555 0.16533742825333944 0.44574850000000005 867264.00000000012 96893.450000000026 69133.050000000003 0.11128500065125475 0.55296200000000006 0.089902236272110692 73935.700000000026 828032.00000000012 -0.50634744303626522 63929.150000000009 847129.00000000012 0.73731157364253963
decision_type=2 2 2 2 2 2 2 2 2 2 2 2 2 2 2 2 2 2 2 2 2 2 2 2 2 2 2 2 2 2 2 2 2 2 2 2 2 2 2 2 2 2 2 2 2 2 2 2 2 2 2 2 2 2 2 2 2 2 2 2 2 2 2 2 2 2 2 2 2 2 2 2 2 2 2 2 2 2 2 2 2 2 2
left_child=1 2 79 6 16 7 10 52 9 -2 14 47 13 -7 15 -4 17 19 -19 53 50 40 35 24 75 -25 -21 -28 -22 30 32 41 33 34 -8 -23 -37 71 48 -40 -6 -32 43 -24 -12 -31 63 56 -33 -36 -17 -11 -3 -5 55 60 58 -58 -9 -29 -27 -46 -35 81 -65 -66 67 -60 -68 76 -69 80 73 -63 -18 -15 -49 78 -78 -1 -20 82 -10
right_child=8 5 3 4 21 12 29 11 46 51 44 -13 -14 23 -16 20 74 18 37 26 28 22 42 25 -26 54 27 59 -30 45 31 38 -34 62 49 36 -38 -39 39 -41 -42 -43 -44 -45 61 -47 -48 69 -50 -51 -52 -53 -54 -55 -56 -57 57 -59 66 -61 -62 72 -64 64 65 -67 68 70 -70 -71 -72 -73 -74 -75 -76 -77 77 -79 -80 -81 -82 -83 -84
leaf_value=-0.019381400344137635 0.0017263623974375156 0.0057757833786152499 -0.011707346476492993 0.00084137596880454527 -0.014622466751503891 -0.011302981222282996 0.0078182265765738244 0.0007408998051814256 -0.019427949855627881 -0.005730446998364648 -0.0007333744955108348 -0.00071304749143969381 0.011249205565546299 0.0060503776788435049 -0.012388155361402333 -0.0079527346158963907 0.017626433840399282 -0.0017761298591633212 0.015693047700446071 -0.0085791435492349952 0.00091682489602592013 -0.0048288380948995494 0.0084377844400793552 -0.01107708437278326 0.017511202083380074 0.0020555156227510174 0.0080336528282108303 -0.0082801906466528179 0.014801789070153795 0.00096922048802087243 -0.0051726015725979332 -0.011373164476776174 -0.0062599670463020967 0.016014835366225583 -0.0097696455459427428 0.012545180754577999 -0.00066810032037814082 0.0037428046610993903 -0.0038310867666274755 0.0083798814128289243 -0.00077607022013125926 -0.0181447218624038 -0.012539670896878583 -0.0080346173395966329 -0.015806761534435821 0.013745650510072278 -0.0080416549225467825 0.010028656260541158 0.00093982414512476617 0.0011683999609608732 0.0029040376421427465 -0.016792128743799661 -0.0048506666235656826 0.01140023606145418 -0.0059963471284582605 -0.0039341727374502472 -0.0014773464331366713 0.00957017621532163 0.019460165528300974 0.002767969970700663 0.012488768934825055 -0.011622919043012596 0.0069576479730854004 -0.019393615492495259 -0.0062786829422130808 -0.01599758126767889 0.0043999141983300082 0.0056006514241073368 0.012995879632768478 0.0082844377971585913 0.01429570612809739 0.0095857917467670785 -0.012867258045796698 0.0011242203701064594 0.0092174777031316796 -0.00077219008760804925 0.013519903635172088 0.010388921865343331 0.019392866034126325 -0.015535560608374504 0.01932872573653505 -0.019217028463447392 -0.019284821253209981
leaf_weight=5.99319688975811 9.2448144406080264 4.9963341504335395 4.9971468150615719 5.2463092505931845 5.9966900795698148 5.9948374927043906 8.24696132540703 5.2465672940015784 4.9946132153272647 4.9960682690143567 5.7472384274005881 7.7465989738702765 7.2433215081691733 6.4945754706859615 5.496529132127761 6.7478404045104998 4.9972719550132734 6.4957602620124844 5.2445686459541339 7.9968351125717154 6.2472497820854187 5.2483393251895931 5.2469554543495187 5.7469118833541897 4.9961151778697959 6.747902333736425 8.4944836646318489 5.9970641285181028 5.9978944808244687 5.7475992292165738 5.4978762120008451 5.9961426705122012 7.9966982156038275 5.497236639261244 5.9964457601308814 9.7453417778015154 6.7474633604288092 6.2460934221744528 6.2481889724731436 9.4968362152576429 5.2477029711008072 7.2442384958267212 5.498116821050643 6.7469223588705072 8.2418390959501284 5.2448174804449081 7.741804212331771 6.2439436912536648 5.2477291077375412 8.4962947368621808 6.997082456946373 7.7397629469633102 9.2442711144685727 8.4940514266490919 4.998277321457862 4.9973913282155982 7.9956417828798276 7.9935833811759949 5.7447667270898846 5.245886892080307 5.4973270148038864 8.7440000623464602 7.745694100856781 5.742484629154208 5.9943779557943326 5.9920509904623032 8.4941912442445737 4.9957530945539457 5.9950454980134955 9.7414527684450132 7.7418020069599152 4.9954212158918372 7.4936890304088584 5.7476000636816016 5.7471960186958313 8.2463613748550397 4.9947995990514782 5.4946722388267508 8.9901174157857877 4.996552109718321 5.4931280016899109 6.2392337620258322 5.2422121912240982
leaf_count=24 37 20 20 21 24 24 33 21 20 20 23 31 29 26 22 27 20 26 21 32 25 21 21 23 20 27 34 24 24 23 22 24 32 22 24 39 27 25 25 38 21 29 22 27 33 21 31 25 21 34 28 31 37 34 20 20 32 32 23 21 22 35 31 23 24 24 34 20 24 39 31 20 30 23 23 33 20 22 36 20 22 25 21
internal_value=0 0.00159309 -0.000616402 1.04375e-05 0.00287239 0.00555229 -0.00223535 0.00765791 -0.0120103 -0.0064892 -0.00540334 0.0089414 0.00169564 0.000407477 -0.00179346 8.5838e-05 0.00563871 0.00448826 0.00871657 0.00158525 0.00235333 -0.00154988 0.000344731 0.00187846 0.00610095 -0.00109926 -0.00128003 0.00167729 0.00771793 0.000188522 -0.000714494 -0.00421588 0.00244866 0.00438405 0.000695723 0.00425027 0.00713942 0.0118176 -0.00028227 0.00353413 -0.00816042 -0.0125476 -0.00450954 -0.000828444 -0.00906435 0.00706525 -0.0149034 0.00977543 -0.00562646 -0.00335727 -0.00242591 -0.0124528 -0.00112236 0.00736868 0.00147895 0.00364589 0.00801197 0.0040457 0.00967132 -0.00312519 0.00673938 -0.0106484 0.0107174 -0.0164564 -0.0138115 -0.0111372 0.0110924 0.0135507 0.00795657 0.0124708 0.0108854 0.0150233 -0.00871458 -0.0065672 0.0131285 0.0022337 0.0140562 0.0153472 0.0172953 -0.0176329 0.017553 -0.0193025 -0.0193547
internal_weight=0 481.945 309.322 298.332 131.172 172.623 167.161 111.66 63.9274 21.9806 72.4581 97.4189 60.963 53.7197 36.4837 30.9872 80.6941 69.9496 28.475 41.4746 25.9901 50.4775 39.2331 47.7249 19.7371 27.9878 27.7343 19.7374 12.2451 94.7028 83.7103 39.731 43.9793 35.9826 22.7397 21.7411 16.4928 21.9792 26.9889 15.745 11.2444 12.7421 17.492 11.9939 35.9744 10.9924 41.9468 89.6723 11.2439 14.4927 13.7449 12.7358 14.2406 13.7404 22.2409 17.2426 54.2074 15.9892 38.2181 11.243 12.2452 30.2271 13.2429 34.205 17.7289 11.9864 32.9716 18.4823 14.4892 35.465 12.7376 15.7331 21.9853 14.4916 10.7445 14.7409 25.7235 19.4796 13.9849 10.9897 10.7377 16.4761 10.2368
internal_count=2185 1929 1238 1194 525 691 669 447 256 88 290 390 244 215 146 124 323 280 114 166 104 202 157 191 79 112 111 79 49 379 335 159 176 144 91 87 66 88 108 63 45 51 70 48 144 44 168 359 45 58 55 51 57 55 89 69 217 64 153 45 49 121 53 137 71 48 132 74 58 142 51 63 88 58 43 59 103 78 56 44 43 66 41
is_linear=0
shrinkage=0.01


Tree=6
num_leaves=85
num_cat=1
split_feature=0 11 1 0 10 0 5 0 0 3 10 10 2 1 2 6 6 8 10 8 0 3 2 2 10 1 10 6 1 3 10 6 10 10 0 0 3 5 2 10 5 2 9 5 2 6 3 0 6 3 0 5 6 0 8 1 1 1 0 0 5 9 3 9 1 6 3 2 8 0 0 1 10 1 10 1 1 3 1 0 6 6 3 5
split_gain=470.813 156.951 33.0735 21.1214 20.2509 15.8806 13.1468 9.85483 7.82351 6.01637 6.26805 5.50119 5.86128 5.24449 8.14757 4.85198 5.73553 5.34172 4.40393 5.66778 4.36396 4.33492 7.19762 4.6875 4.58253 4.24577 4.18228 3.79867 3.76417 4.37538 4.94577 3.67069 3.5686 3.46687 4.9507 3.44165 3.00205 3.69539 2.95512 4.3079 4.03545 2.84172 3.0292 3.54619 2.70903 2.36448 1.83491 1.80933 1.79653 1.76412 3.16344 3.69103 1.68755 1.70618 1.89381 1.68195 1.52176 1.39061 2.24247 1.3104 1.21746 1.05411 1.05247 0.951214 0.634943 0.584215 0.559301 0.244093 0.151258 0.128324 0.559464 0.00459632 0.00260269 0.00225863 0.00157718 0.00152057 0.00137344 0.00115677 0.00083005 0.000735231 0.000571383 0.000493711 0.00046542 0.000237674
threshold=2412.6450000000004 0 15559.550000000001 3222.2900000000004 -0.050339404426346393 1696.1950000000002 1144544.0000000002 908.26300000000003 517.14700000000005 0.086242958695983654 0.35357960511209691 -0.21922650090456969 863016.50000000012 92022.800000000017 620965.00000000012 0.80924850000000015 0.87897850000000011 0.82995950000000007 -0.22983710400195831 0.73674950000000006 2164.6200000000003 0.10221970162040477 555448.00000000012 871456.50000000012 -0.57905108522411386 71159.35000000002 1.0590028323606537 0.83117250000000009 80379.300000000017 0.093745551446291445 0.49205226906106736 0.83764050000000012 -0.45083704203749758 -0.45709014589099978 1106.7200000000003 1526.8000000000004 0.22147146362366474 1303968.0000000002 443120.50000000006 2.4107459807874725 751968.00000000012 470221.00000000006 0.47757300000000008 1050208.0000000002 716491.50000000012 0.82802300000000006 0.0066837069672043229 2803.4950000000003 0.95130800000000015 0.20625387288291422 4126.2400000000007 1222976.0000000002 0.94914350000000014 1352.5650000000003 0.68031400000000009 63929.150000000009 87563.500000000015 39432.700000000004 283.52400000000006 1290.5150000000001 1180736.0000000002 0.52318750000000014 0.14544361156931271 0.49828250000000002 104009.50000000001 0.89042750000000015 0.15052808080150995 407310.00000000006 0.68118250000000014 3887.4300000000003 3778.6350000000007 186296.00000000003 -0.0076658406303238072 173376.00000000003 0.53648037650311531 134772.00000000003 96893.450000000026 0.2012560609794892 73935.700000000026 960.77700000000016 0.81543300000000019 0.86006600000000011 0.1050203614745837 1191904.0000000002
decision_type=2 9 2 2 2 2 2 2 2 2 2 2 2 2 2 2 2 2 2 2 2 2 2 2 2 2 2 2 2 2 2 2 2 2 2 2 2 2 2 2 2 2 2 2 2 2 2 2 2 2 2 2 2 2 2 2 2 2 2 2 2 2 2 2 2 2 2 2 2 2 2 2 2 2 2 2 2 2 2 2 2 2 2 2
left_child=1 65 -3 9 5 6 21 38 11 46 41 12 27 28 61 36 17 33 19 32 62 22 -4 24 55 -18 35 -8 29 45 59 -24 -7 34 -17 -16 37 -10 78 40 -40 -11 -43 -44 -33 -9 -2 -45 49 67 51 -51 53 54 -26 -23 -35 -42 -59 -31 -32 -15 -21 -48 68 73 -56 -5 -60 70 75 72 80 -1 -70 82 -52 -68 -6 -75 -71 -82 -69 -81
right_child=3 2 4 48 7 18 8 13 15 10 -12 -13 -14 14 26 16 25 -19 -20 20 -22 23 31 -25 52 -27 -28 -29 -30 30 60 44 -34 56 -36 -37 -38 -39 39 -41 57 42 43 47 -46 -47 63 -49 -50 50 76 -53 -54 -55 66 -57 -58 58 64 -61 -62 -63 -64 -65 -66 -67 77 69 74 71 -72 -73 -74 79 -76 -77 -78 -79 -80 83 81 -83 -84 -85
leaf_value=-0.019370509554918466 -0.010226174394722188 -0.010324006409800556 -0.00050628835003592595 -0.017154073291003637 0.019175993371926627 -0.0080252594081081409 0.0035601192781251276 0.0099932451838887788 -0.0066371497055902956 -0.015892390917491048 0.00052221519489926255 -0.0085217544119618547 0.0089694799582059059 0.0095605504947964132 0.0035574121173835493 0.0044967684467953758 -0.0021092343533592761 0.0035095500165031948 -0.0071340159375778258 0.0059564514129486004 -0.00072449007436791184 0.011120246205241191 0.0041839487673239811 0.0051700964238224458 0.011520253165066639 0.0098707352137402497 0.0092456245472655029 -0.0070795355844687768 0.017114182506529938 0.0074184382252523197 -0.0013537992480834738 0.019535876589502305 0.0024628484455408721 0.019454933808231857 0.016364007526668709 -0.0062403528191514769 0.0079729013207668151 0.0046443845374252975 0.0078120412043047125 0.0057082968241305631 0.01139920543633763 -0.003256930454925532 -0.0037068876080955499 -0.0095030425407112706 0.0099645672520666338 0.019280759522785892 -0.01354471957738794 -0.017732178008096584 -0.011604981404799875 -0.008350639216438225 -0.019362049106821305 -0.017915773903789536 0.0096750994029527297 0.011122561200485192 0.015464233264989208 0.0035233201437010406 0.012614582758853781 0.011029226843618747 0.017279541258505719 0.014031042375369333 0.0055432967082112254 0.015906990663940083 0.012060487504102595 -0.019302462328543796 0.015219313888779394 -0.015551319999069594 0.019410811441608701 -0.01923716167728896 0.019186483488295405 -0.019223791276675721 -0.015389244797148803 -0.019044466839370014 -0.019487411061883675 -0.019256279516061035 0.019404724071078461 -0.019092049314465787 -0.01915614863083729 0.019235526965654733 0.019358352994234346 -0.019163033440767901 -0.019405716111615325 -0.01927231422313461 -0.019370564835984636 -0.019065422952384802
leaf_weight=8.2406494915485435 6.4928171485662487 9.742631182074545 8.2468573153018969 8.9895374178886396 4.9902600049972516 6.7476799786090851 7.247789874672895 5.2456824332475644 5.2487104535102862 5.7427806258201626 7.7485398650169364 5.2488020956516257 9.2460294514894468 4.9960901439189929 7.9966982156038302 8.4955417215824074 7.2482249885797483 7.9960858076810828 6.2464409023523322 4.9975893795490283 6.7477746754884711 6.9960951358079893 5.7482634782791164 8.2465215325355512 4.9959445744752946 4.9983855783939362 5.7470999062061301 6.2487424910068512 8.4925780892372114 4.9951347112655657 5.2467343509197217 4.9965269565582258 6.2482005655765551 7.4930971711874044 5.996679663658143 6.4988511800765991 6.7479067742824546 6.4982676208019257 7.7415697425603858 6.4958638399839392 6.2434969991445533 8.4961789846420306 4.9964937120676032 4.9952407330274564 7.2450320273637772 5.7413976043462753 4.9959875494241697 5.7443235367536545 4.9968396723270407 8.7473977506160789 8.4893474727869016 7.4874925166368476 4.9977857023477545 5.9943122267723075 4.9954768419265774 4.9950860589742661 5.7464675307273865 5.9931667298078528 5.2399736344814363 7.4910450577735901 4.9965790063142776 5.4963193237781525 6.4968797266483307 6.740449994802475 6.9946400970220557 5.2435501664876929 6.2435484528541556 5.4907219558954257 8.9834469407796842 8.7351203262805956 4.994282901287078 5.984364077448844 9.2429827749729174 5.7408679723739615 5.2446162998676291 5.2373608946800223 5.2388177365064612 9.4839609414339048 4.9937950074672699 4.9902183413505536 4.9947127848863584 6.2404985278844833 4.9938231557607651 4.9879158288240433
leaf_count=33 26 39 33 36 20 27 29 21 21 23 31 21 37 20 32 34 29 32 25 20 27 28 23 33 20 20 23 25 34 20 21 20 25 30 24 26 27 26 31 26 25 34 20 20 29 23 20 23 20 35 34 30 20 24 20 20 23 24 21 30 20 22 26 27 28 21 25 22 36 35 20 24 37 23 21 21 21 38 20 20 20 25 20 20
internal_value=0 0.00587124 0.00763849 -0.0146933 0.00835471 0.00644584 0.00769389 0.0113772 0.00514101 -0.00977459 -0.00749511 0.000706213 0.00283595 0.00887588 0.00573362 0.00700858 0.00868611 0.0107105 0.000531126 0.00206386 0.0056591 0.0105928 0.00722958 0.0121423 0.0133228 0.00278032 0.00202681 -0.00136592 0.011164 0.00966521 0.00716064 0.0107758 -0.00298275 0.0127867 0.00940727 -0.000835261 0.00265719 -0.000396359 0.014277 0.0133359 0.0144028 -0.00956759 -0.00806868 -0.0106666 0.0138712 0.0148465 -0.0144917 -0.0139046 -0.0174492 -0.017757 -0.01575 -0.0127621 0.0150759 0.0159271 0.0170469 0.00795565 0.016486 0.0157212 0.0165526 0.0113856 0.00201053 0.0128851 0.00940656 -0.0168515 0.0178035 -0.0138367 0.0183792 -0.0186835 0.018732 -0.0189294 -0.018305 -0.0192969 -0.0193487 -0.0192364 0.0192669 -0.0192312 -0.0192835 0.0193051 0.0192672 -0.0191661 -0.0192845 -0.0193316 -0.0193007 -0.0191142
internal_weight=0 389.942 360.738 155.816 350.996 215.131 177.646 135.865 94.4607 55.9528 37.7236 27.9914 22.7426 72.9442 30.7351 66.4694 47.9745 35.7279 37.4846 31.2381 18.2422 83.1854 26.2367 56.9487 48.7022 12.2466 20.2426 13.4965 42.2092 33.7166 22.7295 17.9898 12.9959 27.7318 14.4922 14.4955 18.4949 11.747 62.9208 52.9368 46.4409 29.975 24.2322 15.7361 12.2416 10.9871 18.2293 10.7396 99.8633 94.8665 29.9631 16.2349 36.711 31.7132 25.7189 11.9912 13.2396 38.6993 32.4558 12.4862 10.2433 10.4924 11.4945 11.7364 26.4627 29.2032 20.723 64.9034 19.468 55.9139 20.7162 35.1977 29.2133 23.9597 14.2281 15.7219 13.7282 15.7275 9.98406 15.719 19.9703 11.2352 10.4845 9.97813
internal_count=2185 1561 1444 624 1405 861 711 544 378 224 151 112 91 292 123 266 192 143 150 125 73 333 105 228 195 49 81 54 169 135 91 72 52 111 58 58 74 47 252 212 186 120 97 63 49 44 73 43 400 380 120 65 147 127 103 48 53 155 130 50 41 42 46 47 106 117 83 260 78 224 83 141 117 96 57 63 55 63 40 63 80 45 42 40
cat_boundaries=0 1
cat_threshold=8
is_linear=0
shrinkage=0.01


Tree=7
num_leaves=84
num_cat=1
split_feature=11 10 7 5 3 2 9 7 5 3 7 7 2 10 2 2 5 4 10 9 10 4 9 2 9 4 4 9 9 2 2 3 10 2 4 5 9 10 7 6 7 3 4 2 3 4 6 3 3 5 5 9 3 5 5 2 8 3 5 5 3 9 2 9 3 4 3 5 9 4 4 5 5 10 6 5 5 10 3 5 7 5 10
split_gain=193.148 33.9308 22.7029 13.0083 10.3109 9.38426 8.36607 7.79179 8.15015 7.82154 7.48128 7.05218 6.81871 11.843 6.79937 10.936 7.43908 6.32021 5.93923 7.75741 7.35684 5.45165 9.18697 7.07679 7.80423 6.81326 7.33294 6.00403 7.29992 5.39446 9.1095 6.94658 6.23019 8.12408 6.37612 5.61519 12.4748 7.89254 4.78615 4.72845 5.7805 4.46327 4.34636 4.12324 5.28807 5.06253 5.94911 3.96444 3.94449 3.8605 3.85967 3.81124 3.5947 6.84116 3.53278 3.41993 6.26748 3.28793 2.93492 2.91326 3.8208 2.65654 6.34265 2.60267 2.49706 2.3294 1.87434 2.6514 1.75591 1.75553 1.28062 0.9581 0.851915 0.461858 0.444161 0.10682 0.00177227 0.00100908 0.000907274 0.000669957 0.000633713 0.000314845 0.000357178
threshold=0 -0.050339404426346393 0.61312100000000014 1235392.0000000002 0.14007096124722615 1819790.0000000002 0.51807200000000009 0.73237050000000015 957024.00000000012 0.013194037067479462 0.61864950000000019 0.48891950000000006 538341.00000000012 -0.5301044343581679 969135.00000000012 618210.50000000012 737920.00000000012 0.71801338062160636 -0.58363118702566952 0.53608750000000016 -0.16662642234607625 0.086817590543201609 0.58988750000000001 1023955.0000000001 0.6239045000000002 0.53298054296562591 0.87923017068839104 0.5558010000000001 0.42120050000000003 1540825.0000000002 1195580.0000000002 0.22730420213350591 -0.58363118702566952 498044.00000000006 0.85376500194910887 1195328.0000000002 0.45753100000000008 -0.31627795506778239 0.50104100000000007 0.8426705000000001 0.78910200000000008 0.0066837069672043229 -0.01193352411031349 988842.50000000012 0.11882282124010464 0.83666363181172487 0.84703850000000014 0.13270926611760131 0.22858699857450429 1249056.0000000002 721408.00000000012 0.57554750000000021 0.046160737341902264 1207264.0000000002 742560.00000000012 919349.00000000012 0.69855050000000007 0.21849234206879278 1214976.0000000002 800416.00000000012 0.25983274196766609 0.48033550000000008 822519.50000000012 0.50395800000000013 0.12435478474719464 0.34765259099380791 0.050079140869197701 1123200.0000000002 0.50656250000000014 0.58095355800073079 0.66090312132646145 877312.00000000012 781440.00000000012 1.766702499813825 0.9111760000000001 834720.00000000012 1229568.0000000002 0.10951154757734062 0.19361941393142623 1355872.0000000002 0.59256600000000015 1279712.0000000002 -0.38265771458666115
decision_type=9 2 2 2 2 2 2 2 2 2 2 2 2 2 2 2 2 2 2 2 2 2 2 2 2 2 2 2 2 2 2 2 2 2 2 2 2 2 2 2 2 2 2 2 2 2 2 2 2 2 2 2 2 2 2 2 2 2 2 2 2 2 2 2 2 2 2 2 2 2 2 2 2 2 2 2 2 2 2 2 2 2 2
left_child=74 2 4 10 6 7 11 8 9 -3 -4 17 13 -12 15 51 -17 -2 19 -5 43 22 -10 27 25 47 49 28 -23 30 32 -31 33 -6 35 36 -34 -38 -37 40 -14 -8 -9 45 -45 46 -20 -25 -35 -27 -43 54 72 -54 73 56 -41 -40 -30 -58 -61 62 -44 -42 -15 -53 -52 -68 -32 71 -69 -63 -13 -11 76 -16 77 78 80 81 -1 -78 -83
right_child=1 5 3 18 29 -7 41 42 21 14 12 52 39 64 75 16 -18 -19 20 -21 -22 23 -24 24 -26 26 -28 -29 58 31 68 -33 34 48 -36 38 37 -39 57 55 63 50 61 44 -46 -47 -48 -49 -50 -51 66 65 53 -55 -56 -57 59 -59 -60 60 -62 69 -64 -65 -66 -67 67 70 -70 -71 -72 -73 -74 -75 -76 -77 79 -79 -80 -81 -82 82 -84
leaf_value=-0.0189239520553562 -0.0021812549664315677 -0.0036045796556180378 0.017257343742223916 -0.014581347648706366 -0.011190547187289117 -0.0079089715782629487 -0.0012319450751867966 0.00168259190924893 0.014304271548170482 0.015237445935244858 -0.0086391759726333669 -0.012004136055452582 -0.0044477307770597781 0.0018174078118403927 0.015340956817434741 -0.0053381029541839558 0.0073688225840591107 0.012522401227931388 0.0029314297136418632 0.0021369094504473181 -0.0078376361984618878 0.0040750820965947719 -0.00088105521669624791 -0.0050744217458726128 -0.0047100770690622715 0.008980970974896382 -0.00016174308854637049 0.0052330905675472637 -0.013390217282467941 -0.00061871459100384571 -0.013852144707523587 0.015206463531168585 -0.0081060514897882182 0.0079187092984935054 0.0098129372777488334 -0.010842899690518406 0.014402659523155607 -0.00017971508503708119 -0.0053958720643690582 -0.00098610774531233698 0.0027259059616881014 -0.016464525203768291 -0.00037831461016699151 0.015684392967071803 0.0021105515075014259 0.0065115256498653523 -0.011036953438253014 0.0059203135777966924 -0.0031625578603682713 0.019412115507322029 -0.013489370011679167 0.0017142679014222589 0.0052615811627378271 -0.0081403450552861838 0.0073934453931122704 0.015230942599931406 0.015229400597774846 0.0036918619659378972 -0.0038335856670215053 0.0032104668989026254 0.013915302976095598 0.01435765427037901 0.015372445542513049 0.011021116784067512 0.011150653274490798 0.011373572166164653 -0.00058822315531409234 -0.012017286486815094 -0.0055675129217914437 0.017880450225422499 -0.0055911599062205631 0.0085750079877552378 -0.0063048987353001929 0.019318616453518397 -0.016305429920682721 0.017409610693035885 -0.018965081447192216 -0.019159890231346805 -0.019130680079024021 -0.019018312277849746 -0.019053720053504516 -0.018822628555921921 -0.018934338766204494
leaf_weight=8.9702381044626289 6.2438758462667447 5.4915532916784278 5.2383331209421149 6.2417684346437436 9.491396367549898 4.9953729361295691 6.9939248263835898 4.9953186959028235 9.7362252026796359 4.9905059635639244 8.9885593205690402 5.2457292675972003 6.9956022202968624 5.4957776516675931 4.991541385650633 8.7438341975212115 9.7385436892509443 5.4970397055149078 6.4952756017446536 4.9977502375841141 7.4949037432670584 5.7437283694744172 6.7434471249580374 5.9939786195754987 7.7431393414735785 7.4893220365047473 4.993805766105651 7.4912028461694709 7.7442378103733045 6.2447908967733365 5.2449405640363675 4.9904215037822723 5.9939089417457607 4.9970837384462348 8.9910980612039548 5.7440292090177563 9.7413872480392456 5.9962313920259449 6.9929482042789486 6.743345811963084 8.2409714609384519 7.2361603230237987 4.9934111833572405 4.9960355460643751 6.7446669191122055 8.2441653162240964 5.7465765774250031 7.2418156415224075 8.9936537146568281 6.7418007701635361 4.9950219094753292 4.9953349679708463 7.4956184774637205 7.7438746988773346 4.9905442744493476 6.993155136704444 7.2404741942882564 9.2437640875577909 5.4929008334875107 8.4901523441076261 5.4903742820024481 5.9900905340909976 5.2389945089817047 6.9910673052072516 5.9919639676809311 4.9911354035139084 5.2453097999095943 6.7407451570034009 4.9944950342178345 7.2363101840019217 5.7434803992509842 5.4923598617315292 5.2454133778810501 6.2402850687503815 6.9852471947669974 4.9931768774986267 4.9847785681486192 6.4865712076425543 5.2381837368011466 6.4820060431957236 6.482922911643981 6.723379939794544 4.9838659167289681
leaf_count=36 25 22 21 25 38 20 28 20 39 20 36 21 28 22 20 35 39 22 26 20 30 23 27 24 31 30 20 30 31 25 21 20 24 20 36 23 39 24 28 27 33 29 20 20 27 33 23 29 36 27 20 20 30 31 20 28 29 37 22 34 22 24 21 28 24 20 21 27 20 29 23 22 21 25 28 20 20 26 21 26 26 27 20
internal_value=0 0.00214847 0.000157682 0.0032463 -0.00224486 0.00560807 -0.00504881 0.00598897 0.00496863 0.0077721 0.00569043 -0.00171929 0.00491023 -4.1578e-05 0.00891477 0.0072479 0.0013573 0.00470293 -0.000729642 -0.00714743 0.00108632 0.00294022 0.00809047 0.00166728 0.00431086 0.00646271 0.0102641 -0.00234761 -0.0053395 -0.000107986 -0.000955383 0.00641046 0.000234844 -0.00404931 0.00214366 0.000566181 0.00417078 0.00884659 -0.00299755 0.00668333 0.0030772 -0.00842491 0.0102968 0.00316174 0.00788664 0.000453863 -0.00362562 0.000941224 0.000795348 0.0139226 -0.010104 0.0114021 -0.00464976 -0.00154854 0.0143942 0.00897628 0.00741215 -0.000222111 -0.00942458 0.0100808 0.00741443 0.0117832 0.00768608 0.00653317 0.00668559 0.00654189 -0.00807863 -0.00655424 -0.00981115 0.0140228 -0.00906089 0.0115917 -0.0091546 0.0175051 -0.0158961 0.0163755 -0.0189963 -0.0190511 -0.0190169 -0.018932 -0.0189784 -0.0188985 -0.0188702
internal_weight=0 488.211 305.947 133.861 172.086 182.264 74.4262 177.269 143.322 60.1665 82.8998 37.4716 77.6614 20.4763 54.6749 44.6902 18.4824 11.7409 50.9611 11.2395 39.7216 83.1556 16.4797 66.6759 40.2039 32.4607 19.2249 26.4721 18.9809 97.6601 86.4249 11.2352 76.1855 23.4821 52.7034 43.7123 21.7315 15.7376 21.9807 57.1851 22.2276 36.9546 33.9465 32.2267 11.7407 20.486 12.2419 13.2358 13.9907 14.2311 29.9607 26.2078 25.7306 15.2395 16.2213 34.9575 27.9643 16.2367 13.2371 21.221 13.9805 28.9512 10.2324 15.232 11.4877 9.98647 22.7246 17.7295 10.2394 18.7188 12.4842 11.4825 10.4911 11.2308 57.3372 9.98472 50.3519 27.1779 20.6913 23.174 15.4532 16.692 11.7072
internal_count=2185 1955 1225 536 689 730 298 710 574 241 332 150 311 82 219 179 74 47 204 45 159 333 66 267 161 130 77 106 76 391 346 45 305 94 211 175 87 63 88 229 89 148 136 129 47 82 49 53 56 57 120 105 103 61 65 140 112 65 53 85 56 116 41 61 46 40 91 71 41 75 50 46 42 45 230 40 202 109 83 93 62 67 47
cat_boundaries=0 1
cat_threshold=8
is_linear=0
shrinkage=0.01


Tree=8
num_leaves=84
num_cat=1
split_feature=0 11 10 0 0 7 0 5 2 0 4 10 7 3 10 7 4 6 5 6 6 6 6 10 2 10 8 0 5 2 10 6 8 3 4 2 10 8 3 8 10 7 3 7 2 2 5 5 5 0 3 5 2 6 3 0 5 5 5 0 7 6 7 7 10 6 2 2 0 0 10 10 5 7 6 8 6 0 10 10 3 4 5
split_gain=459.145 151.412 25.2513 20.6614 18.8556 16.7754 10.0854 8.49864 8.40705 8.27499 8.98801 7.02602 6.23802 5.86801 6.06544 5.46799 4.99886 4.64589 4.58027 7.51773 4.38126 6.26947 5.49871 4.25965 4.11756 3.72175 5.67933 4.59423 3.5656 4.53025 3.46343 3.44537 3.63986 3.1815 3.55012 3.34905 2.96813 2.83484 2.82583 2.80902 2.67984 2.57803 2.53717 2.52212 2.32732 3.70121 4.96271 2.2799 1.93291 2.61663 4.3022 1.88007 1.84174 1.74496 1.71269 3.08472 3.56759 1.50214 1.44753 1.4061 1.29414 1.26574 1.02786 0.691675 0.620068 0.570871 0.41446 0.237072 0.130511 0.540318 0.126192 0.00303606 0.00300523 0.00143955 0.00131792 0.00131463 0.0010355 0.000768231 0.00090279 0.000414096 0.000297782 0.000340798 0.000216138
threshold=2412.6450000000004 0 -0.050339404426346393 3222.2900000000004 1696.1950000000002 0.74705100000000013 908.26300000000003 1244480.0000000002 1757350.0000000002 557.14900000000011 0.74556775670694786 -0.3572649238833292 0.53923800000000011 0.086242958695983654 0.35357960511209691 0.67910900000000007 0.48922449913914806 0.76292750000000009 941920.00000000012 0.82802300000000006 0.8675560000000001 0.8426705000000001 0.82185250000000021 -0.57905108522411386 620965.00000000012 -0.22983710400195831 0.73674950000000006 2164.6200000000003 1252128.0000000002 831060.50000000012 2.4107459807874725 0.89969750000000015 0.85871050000000004 0.20874413555298962 0.67201362588506763 701918.50000000012 0.76156861264394415 0.68118250000000014 0.098510539026165106 0.73830050000000014 0.35357960511209691 0.67910900000000007 0.1430252747069555 0.66846250000000007 978867.00000000012 694780.00000000012 867264.00000000012 1326304.0000000002 707008.00000000012 759.65100000000007 0.18267094339909482 1235168.0000000002 994623.50000000012 0.95130800000000015 0.20625387288291422 4126.2400000000007 1222976.0000000002 694432.00000000012 984928.00000000012 1088.5600000000002 0.50722900000000004 0.83117250000000009 0.50722900000000004 0.62455250000000018 0.78717521960342796 0.89042750000000015 476999.00000000006 407310.00000000006 3887.4300000000003 3778.6350000000007 0.24731049893860149 -0.0076658406303238072 1245248.0000000002 0.67910900000000007 0.86338450000000011 0.76099000000000017 0.83172100000000004 1412.4150000000002 -0.43297354041554198 -0.3150192845948328 0.14800049013014077 0.73731157364253963 1157792.0000000002
decision_type=2 9 2 2 2 2 2 2 2 2 2 2 2 2 2 2 2 2 2 2 2 2 2 2 2 2 2 2 2 2 2 2 2 2 2 2 2 2 2 2 2 2 2 2 2 2 2 2 2 2 2 2 2 2 2 2 2 2 2 2 2 2 2 2 2 2 2 2 2 2 2 2 2 2 2 2 2 2 2 2 2 2 2
left_child=1 65 4 13 5 7 30 17 9 12 11 52 -9 41 15 39 24 -3 66 -20 21 22 57 -7 36 26 37 42 29 -26 44 -22 33 34 -33 -36 -8 -6 -31 51 -21 62 -28 -12 45 58 -47 -14 -25 -50 -51 -15 -11 54 67 56 -56 -19 70 -13 -41 -48 -2 -23 76 77 -18 -5 69 74 -4 73 -57 80 79 -73 -46 78 -1 -69 81 -70 -79
right_child=3 2 6 53 25 23 16 8 -10 10 43 59 47 14 -16 -17 18 20 19 40 31 63 -24 48 28 -27 27 -29 -30 38 -32 32 -34 -35 35 -37 -38 -39 -40 60 -42 -43 -44 -45 64 46 61 -49 49 50 -52 -53 -54 -55 55 72 -58 -59 -60 -61 -62 -63 -64 -65 -66 -67 -68 68 71 -71 -72 75 -74 -75 -76 -77 -78 82 -80 -81 -82 -83 -84
leaf_value=-0.018858715497225034 -0.013246619644101218 -0.0001275918880017044 0.017024723425186915 -0.016953708181066833 0.00010450549562753202 0.0067327564599872396 0.015316841698112546 -0.010403175952859063 0.015304299005302646 -0.0090343165731594354 0.013668873267126909 0.010142741147715396 -0.0028868732461386965 -0.01209400590380467 0.00048737027809414102 -0.0018753060646815231 0.015116149235217551 0.0074657933903966066 0.0023396267499784652 0.0092838452244546517 0.00051633590954308357 0.018028723638117968 0.0014495730319467302 0.019100939148379365 0.00079523098262650714 -0.0075147326393622104 0.0028719719357071243 -0.001998140066854762 -0.00087957712211079292 0.0053587411103488544 0.008256129379833466 0.01681441857558753 -0.00014161869349287506 0.0033409675597097454 0.012837428296037569 0.0017503534988913987 0.0053629346475334841 -0.0089209504623114933 0.014129319391037887 -0.011191672351221101 0.019302691042462551 -0.0085874541077667864 0.012144914281220194 0.0051977488270922708 0.019152237357483556 0.0015583405123818694 0.017305657669174229 0.0048010803178772541 0.017893031807819034 0.0045160831256542775 0.017087163417251076 -0.0036170099838658356 -0.00093681451685360224 -0.011483684145868114 -0.0082823755420758233 -0.019223591429529813 -0.01768983289244196 0.014011775957892722 0.012190839492078574 0.0028219668865915744 -0.017811940625490644 0.010419771239425848 -0.019068475115676841 0.013337542194868336 0.015503651770260292 -0.015244408072321494 0.019143641559630484 -0.018983906652086796 -0.018977139401608951 -0.015207684167168292 0.019035767286938392 -0.019115206932456243 -0.018926290181867481 -0.019120977705637501 -0.018850673637819691 -0.019329337007927147 0.018967767409837102 -0.018890708547704523 -0.019042342399750393 -0.019108243834985762 -0.019018121199470873 -0.018864062396619176 -0.01880723101085614
leaf_weight=5.2302146106958389 4.9904399216175097 6.9963134080171576 5.2329322546720523 8.981184706091879 7.4968861490488035 7.7425058335065833 7.4891231507062894 7.4954328685998943 4.9917809367179862 5.4958056658506376 9.745125085115431 5.2467314153909701 8.2466161549091321 5.4920975267887169 7.747256562113761 7.2456798255443564 4.9879742860794085 5.7455169707536724 9.2428058981895465 4.9904953390359861 8.7450625002384168 8.4800638407468778 8.7428949326276761 8.4794806241989154 8.493047267198568 6.4942707121372214 5.245965316891672 7.2460221797227851 8.7454269081354123 6.9940984249114972 8.9876032918691617 7.2437372207641699 4.9958892315626136 6.7449080049991599 5.9926763325929624 4.9957827627658844 4.9928506910800934 6.495162159204483 7.7377632856369019 4.988981753587721 5.7410737574100494 5.4941502213478079 6.7436128407716751 5.4973316937685004 5.7376055419445056 4.9966326951980582 4.992406874895094 7.2474252730607978 7.4850760251283672 5.9937421232461912 4.9878371953964233 4.9965485781431198 5.7450768947601318 4.9946853816509238 8.745524346828466 6.2375975251197797 7.4781532734632483 8.9920250028371793 5.7374989092349997 5.247763067483902 7.2347365468740463 5.7371345907449722 7.7297599166631699 4.9937939345836631 8.2320547699928266 5.2364648729562751 5.238709419965744 5.233400970697403 5.7328911423683149 4.9903004020452491 7.7285537570714951 6.7339289337396639 7.4740693271160126 7.731278344988822 4.9799523800611487 4.9930585324764252 6.479332223534584 4.9825705438852301 5.4854864776134544 5.4867810010910052 4.9856240004301062 4.9811129122972488 8.2162394225597364
leaf_count=21 20 28 21 36 30 31 30 30 20 22 39 21 33 22 31 29 20 23 37 20 35 34 35 34 34 26 21 29 35 28 36 29 20 27 24 20 20 26 31 20 23 22 27 22 23 20 20 29 30 24 20 20 23 20 35 25 30 36 23 21 29 23 31 20 33 21 21 21 23 20 31 27 30 31 20 20 26 20 22 22 20 20 33
internal_value=0 0.00579923 0.00753347 -0.014517 0.00565219 0.0070124 0.011093 0.00554201 0.00283531 0.00179737 0.00472637 0.000597751 -0.00291385 -0.00965113 -0.00739965 -0.00943926 0.0085973 0.00766888 0.0117367 0.00895016 0.00838971 0.0108527 0.0077325 0.0132701 0.00646438 -0.000590957 0.000762279 0.00428831 0.00456268 0.00661199 0.0140105 0.00603895 0.00765026 0.00920878 0.0113795 0.00779681 0.0113352 -0.00408515 0.0099654 -0.0118523 0.0146436 -0.0143119 0.0080876 0.0106137 0.0149529 0.0133657 0.00979024 0.00070921 0.0151485 0.0133336 0.0102259 -0.00805576 -0.00489578 -0.0172445 -0.0175482 -0.0155698 -0.0126187 0.0114598 0.0163727 0.00648199 -0.0151099 0.0136237 -0.0167844 0.01629 0.017625 -0.0135774 0.0171793 -0.0184617 -0.0187042 -0.018074 0.0182238 -0.019075 -0.0190615 -0.0190093 -0.0189851 -0.0192064 0.0190544 -0.0188898 -0.0189527 -0.0190475 -0.0189543 -0.0189246 -0.0188387
internal_weight=0 389.704 360.553 155.679 222.038 182.316 138.515 147.628 64.9591 59.9673 36.9778 21.7354 22.9895 55.9197 37.7053 29.958 74.6534 82.6687 30.2011 19.9744 75.6724 36.9543 23.4804 34.6886 44.4523 39.7219 33.2276 19.2356 31.9703 23.2249 63.8618 38.7181 29.973 24.9771 18.2322 10.9885 12.482 13.992 14.7319 22.7124 10.7316 18.2144 11.9896 15.2425 54.8742 34.4252 15.7262 15.494 26.9461 18.4667 10.9816 10.4886 11.2409 99.7595 94.7649 29.9353 16.2237 14.7375 18.699 10.4945 12.2237 10.7295 12.7202 13.4739 20.449 29.151 10.2267 64.8295 55.8483 20.6904 12.9615 35.1579 13.7117 23.4309 15.7001 11.727 12.2169 23.9145 10.7157 10.7202 15.6996 10.714 13.1988
internal_count=2185 1561 1444 624 889 730 555 591 260 240 148 87 92 224 151 120 299 331 121 80 303 148 94 139 178 159 133 77 128 93 256 155 120 100 73 44 50 56 59 91 43 73 48 61 220 138 63 62 108 74 44 42 45 400 380 120 65 59 75 42 49 43 51 54 82 117 41 260 224 83 52 141 55 94 63 47 49 96 43 43 63 43 53
cat_boundaries=0 1
cat_threshold=8
is_linear=0
shrinkage=0.01


Tree=9
num_leaves=84
num_cat=1
split_feature=0 11 1 0 10 7 0 5 0 0 0 3 10 7 1 4 10 1 8 6 4 7 10 8 5 1 3 7 1 1 4 5 1 3 10 4 5 4 0 10 8 8 7 10 7 1 4 1 10 8 5 6 3 0 5 0 5 5 0 7 5 3 3 7 6 6 10 3 0 1 8 8 3 1 1 1 5 7 7 1 5 0 5
split_gain=450.293 148.477 32.0241 20.2985 19.0764 16.8086 10.723 10.4526 9.44885 6.67175 6.6298 5.76018 5.94858 5.36475 5.10861 5.93874 6.34016 5.0373 6.03021 4.76624 7.43526 6.67536 5.50677 4.60473 4.10102 4.59289 4.09529 5.24311 4.01451 3.88317 3.869 4.2634 3.67345 4.31322 4.82683 3.57325 5.08663 3.56806 3.56611 3.15424 3.10295 2.75845 2.53316 2.50306 2.46497 2.2914 3.93452 2.20125 3.17221 1.91661 1.84436 1.71652 1.6846 3.03319 3.50671 1.46481 1.62053 1.41341 1.27223 1.27116 1.21772 1.08311 1.94614 1.01089 0.562215 0.494233 0.460173 0.403876 0.161941 0.249637 0.178318 0.397834 0.116933 0.0056597 0.00473503 0.00318175 0.00283842 0.00233857 0.00224988 0.00196789 0.00132778 0.000634257 0.000201594
threshold=2412.6450000000004 0 15559.550000000001 3222.2900000000004 -0.050339404426346393 0.74705100000000013 1950.4250000000004 1144544.0000000002 908.26300000000003 1616.6400000000001 517.14700000000005 0.086242958695983654 0.35357960511209691 0.67910900000000007 92022.800000000017 0.50015525748490097 1.0590028323606537 89133.150000000009 0.78243150000000006 0.81245950000000011 0.86120515944133957 0.72515750000000012 -0.3572649238833292 0.82995950000000007 877312.00000000012 95843.250000000015 0.069840916348297866 0.54381500000000005 36504.950000000004 41188.250000000007 0.5390473131425374 1222976.0000000002 80379.300000000017 0.093745551446291445 0.49205226906106736 0.44793809508254329 785856.00000000012 0.82149599967621711 316.14900000000006 -0.51643281587112166 0.75355050000000012 0.73830050000000014 0.67910900000000007 2.4107459807874725 0.61864950000000019 137972.50000000003 0.104654907309514 49503.55000000001 0.40103898878135247 0.76647700000000019 1235168.0000000002 0.95130800000000015 0.20625387288291422 4126.2400000000007 1222976.0000000002 557.14900000000011 758208.00000000012 984928.00000000012 1290.5150000000001 0.50722900000000004 1180736.0000000002 0.1699375798747931 0.086242958695983654 0.50722900000000004 0.89042750000000015 0.89492550000000015 0.21841179074418315 0.1609829273328198 4313.2750000000005 57371.500000000007 0.78243150000000006 0.82336300000000018 0.24991607710986816 179476.50000000003 176767.00000000003 93290.400000000009 1245248.0000000002 0.52382150000000005 0.55296200000000006 173376.00000000003 1144544.0000000002 960.77700000000016 1191904.0000000002
decision_type=2 9 2 2 2 2 2 2 2 2 2 2 2 2 2 2 2 2 2 2 2 2 2 2 2 2 2 2 2 2 2 2 2 2 2 2 2 2 2 2 2 2 2 2 2 2 2 2 2 2 2 2 2 2 2 2 2 2 2 2 2 2 2 2 2 2 2 2 2 2 2 2 2 2 2 2 2 2 2 2 2 2 2
left_child=1 64 -3 11 5 6 7 24 43 29 17 42 13 41 32 45 -17 38 -19 20 22 23 -12 30 28 67 -8 -28 -4 -7 -21 -32 33 44 58 -30 37 49 -9 -39 -33 50 63 47 -10 46 -16 48 -6 -37 -13 52 68 54 -54 56 -49 -58 -35 -43 -36 62 -31 -2 79 75 -59 -26 69 -5 73 -72 -63 77 78 -57 -55 -71 -70 -1 -80 -81 -83
right_child=3 2 4 51 8 9 26 10 14 -11 19 12 -14 -15 15 16 -18 18 -20 21 -22 -23 -24 -25 25 -27 27 -29 35 61 31 40 -34 34 60 36 -38 39 -40 -41 -42 59 -44 -45 -46 -47 -48 55 -50 -51 -52 -53 53 76 -56 65 57 66 -60 -61 -62 72 -64 -65 -66 -67 -68 -69 74 70 71 -73 -74 -75 -76 -77 -78 -79 80 81 -82 82 -84
leaf_value=-0.018848808368529906 -0.013121524390251729 -0.010220596861366239 -0.00015412477714192425 -0.016256410176550825 0.015906861867678441 0.0065078815305997422 -0.009690363557291512 -0.00058309111078910553 0.0093906118942892365 0.0036929719321982385 -0.007913563324726541 -0.011978236351519813 0.00048249842722040818 -0.0018565886693750436 0.0062399062197565584 0.0039984493000577645 0.019030892992180144 -0.01275393230594425 0.0018958160076786527 0.016792100817409446 0.012124770608435363 -0.0026250193389398381 0.0034866233929072192 0.0018220559595212577 0.015221154971114823 0.0063046169998861711 0.0071333500687424467 -0.0045577259387909377 0.0019473459713127898 0.017754264601295391 0.0013824003243305405 0.0067811731494077853 0.016792162788807588 0.0072082274208897061 -0.001512771358032898 0.019299425222874259 0.0027685303159311458 0.002467121695028628 0.0094481039075536549 0.013332369569569525 0.015665216285120652 -0.011085290621776843 -0.0085036157345232798 0.0089754172189558962 0.01890847991595599 0.006792797519925107 -0.0051312317710143296 0.00908643169568016 0.0058101072666538319 0.012199106751823546 -0.0035811021968375489 -0.011372688324677107 -0.0082006927254610756 -0.019048086650720105 -0.017530314122116922 0.018836404439699909 0.018936020266634952 0.010982859948362124 0.013727370841764569 -0.017648576135405672 0.005386959559235318 0.018952746527185843 0.010594226030771528 -0.018897260509123756 -0.015104234891511262 0.015491479847525452 0.015227926954534097 0.019152195975711345 -0.018885946209086873 -0.018813297351042039 -0.01532237079540163 -0.01884516343604203 0.016915156600880679 -0.018592749089131961 -0.018662615804819881 0.019156542190138983 -0.018759008784108112 -0.019076755421068087 -0.019223322468919609 -0.0187416104824039 -0.019002422798040059 -0.018654483136941524 -0.018564431078180559
leaf_weight=8.2185611724853569 4.9876503497362155 9.7375178039073926 5.9960290342569342 7.4732640832662574 6.4801557064056379 5.4867482781410208 4.9960220307111767 9.244632229208948 4.9936044663190824 7.4945029765367499 7.4969618767499968 5.4897383451461845 7.7472263574600211 7.2455413043498984 5.2460086643695885 5.7443320304155332 5.4844776391983032 5.747281610965727 5.4973818063735962 7.7391933351755169 5.2470223605632773 5.7480296641588202 9.7446252703666687 7.2448457181453696 4.9898969233036059 5.9937545359134665 6.9946041405200949 8.494737505912779 6.7447094768285742 7.2339191287755984 5.9952619820833233 7.7415213733911497 8.4811861217021924 4.9908276647329348 5.2438645958900434 6.2374392896890667 7.7403622567653647 5.7476080060005188 5.7471542358398429 4.992906451225279 7.988174706697464 4.9865029752254468 5.4928410649299613 8.7350981235504133 5.9789602309465408 6.9948985427618018 7.2455359250307083 4.9863699972629574 5.986227810382843 9.7354485243558866 4.9961841404438019 4.9930066913366309 8.7443132847547584 6.2321452051401121 7.4707757532596579 8.2174114137887972 7.225494176149371 4.9846433550119382 7.4802693724632263 7.2287174463272095 4.9938495606184006 6.4788571298122388 7.9880301654338837 7.7218346446752548 5.2322315126657477 5.9761891365051261 5.2359210997819901 5.4880491197109222 8.4693233221769386 5.2280060499906567 5.4827773720025998 7.7189442068338394 4.9824121594429016 4.9703022092580786 4.9733000397682181 4.9895187169313422 7.46535424888134 9.4760814756154996 4.9912828654050809 5.7235005646944037 5.9824385046958923 4.9737341850996 4.9700276553630829
leaf_count=33 20 39 24 30 26 22 20 37 20 30 30 22 31 29 21 23 22 23 22 31 21 23 39 29 20 24 28 34 27 29 24 31 34 20 21 25 31 23 23 20 32 20 22 35 24 28 29 20 24 39 20 20 35 25 30 33 29 20 30 29 20 26 32 31 21 24 21 22 34 21 22 31 20 20 20 20 30 38 20 23 24 20 20
internal_value=0 0.00574355 0.00746063 -0.0143822 0.00816432 0.00631143 0.00498154 0.00588102 0.0111001 0.0121901 0.00371003 -0.00955865 -0.00732788 -0.00934843 0.00865017 0.00554819 0.0113407 -0.000532434 -0.00559185 0.00542388 0.00170162 0.00739548 -0.00147039 0.00896453 0.0089903 0.0132863 -0.00181764 0.000721675 0.00749091 0.0141697 0.0107208 0.00855794 0.01091 0.00942878 0.00694129 0.00860357 0.0099066 0.0119749 0.0032624 0.00751801 0.0112928 -0.0117396 -0.0141782 0.0139424 0.0145769 0.00221031 -0.000355754 0.0147446 0.0110585 0.0149718 -0.00797729 -0.0170873 -0.0173886 -0.0154259 -0.0124991 0.0158488 0.0141139 0.0155508 0.0111185 -0.0149693 0.00185284 0.0157451 0.0139969 -0.0166307 -0.013453 0.0178776 0.0131576 0.0172801 -0.0182952 -0.0179062 -0.0182812 -0.0173821 0.018067 -0.0188845 -0.018938 0.0189574 -0.0188905 -0.0189831 -0.0190084 -0.0187235 -0.0191029 -0.0186577 -0.0186095
internal_weight=0 389.549 360.43 155.568 350.693 214.998 175.334 154.848 135.695 39.6645 91.1821 55.8962 37.6939 29.9467 72.8778 30.7153 11.2288 26.2364 11.2447 64.9456 22.4886 42.457 17.2416 36.709 63.6662 16.4717 20.4854 15.4893 47.1945 32.17 29.4642 21.725 42.1626 33.6814 22.7088 41.1985 34.4538 26.7134 14.9918 10.7405 15.7297 22.7011 18.2023 62.817 10.9726 19.4864 12.4915 54.0819 12.4664 15.9729 10.4859 99.6713 94.6783 29.9126 16.2151 41.6155 22.4324 17.4461 12.4711 12.2152 10.2377 26.6832 15.2219 12.7095 29.1181 19.1831 10.2206 10.4779 64.7657 40.3494 32.8761 13.2017 11.4613 19.6744 24.4163 13.2069 13.6975 14.7041 19.443 23.8858 10.9737 15.6673 9.94376
internal_count=2185 1561 1444 624 1405 861 702 620 544 159 365 224 151 120 292 123 45 105 45 260 90 170 69 147 255 66 82 62 189 129 118 87 169 135 91 165 138 107 60 43 63 91 73 252 44 78 50 217 50 64 42 400 380 120 65 167 90 70 50 49 41 107 61 51 117 77 41 42 260 162 132 53 46 79 98 53 55 59 78 96 44 63 40
cat_boundaries=0 1
cat_threshold=8
is_linear=0
shrinkage=0.01


end of trees

feature_importances:
nuclues_dist=111
post_nucleus_x=99
fw_similarity=94
pre_skeletal_distance_to_soma=80
pre_test_score=80
post_skeletal_distance_to_soma=75
adp_dist=70
pre_oracle=63
post_oracle=55
me_similarity=48
post_test_score=44
compartment=7

parameters:
[boosting: gbdt]
[objective: binary]
[metric: binary_logloss]
[tree_learner: serial]
[device_type: cpu]
[data: ]
[valid: ]
[num_iterations: 2000]
[learning_rate: 0.01]
[num_leaves: 100]
[num_threads: -1]
[deterministic: 0]
[force_col_wise: 0]
[force_row_wise: 0]
[histogram_pool_size: -1]
[max_depth: 20]
[min_data_in_leaf: 20]
[min_sum_hessian_in_leaf: 0.001]
[bagging_fraction: 0.9]
[pos_bagging_fraction: 1]
[neg_bagging_fraction: 1]
[bagging_freq: 0]
[bagging_seed: 7615]
[feature_fraction: 0.8]
[feature_fraction_bynode: 1]
[feature_fraction_seed: 21677]
[extra_trees: 0]
[extra_seed: 32374]
[early_stopping_round: 10]
[first_metric_only: 0]
[max_delta_step: 0]
[lambda_l1: 0]
[lambda_l2: 0]
[linear_lambda: 0]
[min_gain_to_split: 0]
[drop_rate: 0.1]
[max_drop: 50]
[skip_drop: 0.5]
[xgboost_dart_mode: 0]
[uniform_drop: 0]
[drop_seed: 27260]
[top_rate: 0.2]
[other_rate: 0.1]
[min_data_per_group: 100]
[max_cat_threshold: 32]
[cat_l2: 10]
[cat_smooth: 10]
[max_cat_to_onehot: 4]
[top_k: 20]
[monotone_constraints: ]
[monotone_constraints_method: basic]
[monotone_penalty: 0]
[feature_contri: ]
[forcedsplits_filename: ]
[refit_decay_rate: 0.9]
[cegb_tradeoff: 1]
[cegb_penalty_split: 0]
[cegb_penalty_feature_lazy: ]
[cegb_penalty_feature_coupled: ]
[path_smooth: 0]
[interaction_constraints: ]
[verbosity: -1]
[saved_feature_importance_type: 0]
[linear_tree: 0]
[max_bin: 255]
[max_bin_by_feature: ]
[min_data_in_bin: 3]
[bin_construct_sample_cnt: 200000]
[data_random_seed: 1064]
[is_enable_sparse: 1]
[enable_bundle: 1]
[use_missing: 1]
[zero_as_missing: 0]
[feature_pre_filter: 1]
[pre_partition: 0]
[two_round: 0]
[header: 0]
[label_column: ]
[weight_column: ]
[group_column: ]
[ignore_column: ]
[categorical_feature: 11]
[forcedbins_filename: ]
[precise_float_parser: 0]
[objective_seed: 3599]
[num_class: 1]
[is_unbalance: 0]
[scale_pos_weight: 1]
[sigmoid: 1]
[boost_from_average: 1]
[reg_sqrt: 0]
[alpha: 0.9]
[fair_c: 1]
[poisson_max_delta_step: 0.7]
[tweedie_variance_power: 1.5]
[lambdarank_truncation_level: 30]
[lambdarank_norm: 1]
[label_gain: ]
[eval_at: ]
[multi_error_top_k: 1]
[auc_mu_weights: ]
[num_machines: 1]
[local_listen_port: 12400]
[time_out: 120]
[machine_list_filename: ]
[machines: ]
[gpu_platform_id: -1]
[gpu_device_id: -1]
[gpu_use_dp: 0]
[num_gpu: 1]

end of parameters

pandas_categorical:[["apical", "apical_shaft", "apical_tuft", "axon", "basal", "oblique", "soma"]]
